1001676
1005739
1006413
1006588
1007452
1008014
1008205
1010499
1012245
1012455
1012598
1013137
1013536
1015240
1016750
1018526
1018899
1021882
1022404
1022460
1022607
1026228
1026439
1028316
1029866
1031886
1038014
1038536
1039137
1039560
1039641
1039961
1040070
1041864
1042428
1045431
1045484
1051345
1054435
1054499
1056173
1057223
1057495
1060501
1060853
1062306
1063210
1065148
1065547
1066019
1067029
1067210
1067722
1067832
1068485
1069984
1070232
1070650
1072448
1074905
1076376
1077981
1079253
1080141
1080760
1081018
1081312
1081386
1081798
1082805
1082890
1084275
1085569
1087264
1088160
1088435
1089816
1091267
1092988
1094473
1094708
1094945
1095485
1096117
1096648
1098140
1098879
1100875
1101124
1102536
1102539
1106847
1107733
1107926
1109125
1109241
1110693
1110965
1111712
1113568
1114998
1115513
1116231
1116347
1117609
1117616
1120938
1121461
1123935
1124515
1124603
1124709
1125187
1125592
1126322
1128353
1131960
1134377
1135010
1135521
1136172
1136740
1136826
1139164
1141350
1142125
1143178
1144212
1144932
1146341
1147316
1147586
1147884
1150392
1150572
1151072
1152081
1152598
1152950
1153592
1154881
1155859
1156737
1157062
1157076
1157129
1157326
1159447
1163560
1165011
1166430
1168712
1169107
1170597
1172159
1175076
1176314
1176628
1178707
1179155
1180404
1180953
1181417
1185019
1185229
1185581
1186008
1186550
1186899
1186991
1189176
1189456
1191018
1191250
1192477
1192687
1194117
1194580
1194806
1195575
1195747
1196535
1197593
1198133
1198847
1200706
1200851
1202548
1203683
1203984
1204191
1205593
1206901
1207071
1208405
1208625
1209372
1209373
1210520
1211372
1212320
1212693
1212693
1212857
1213690
1217799
1218717
1219079
1219683
1222270
1223222
1224027
1225672
1226106
1226157
1226425
1226609
1228053
1228222
1230870
1231607
1232580
1234772
1235105
1236026
1236063
1236887
1237504
1238179
1241821
1243174
1244959
1245127
1245958
1248925
1249815
1250387
1251129
1255055
1255807
1256908
1257042
1257354
1257424
1257671
1258455
1259342
1259681
1259794
1259894
1261803
1263036
1264057
1265778
1265902
1266946
1267570
1268348
1268542
1269292
1270073
1273200
1273504
1273586
1274604
1275968
1276536
1276672
1276719
1277589
1279316
1280708
1281687
1282804
1285230
1285717
1286644
1287178
1288803
1288854
1289242
1289586
1289723
1290842
1291575
1291758
1292070
1292248
1293271
1293303
1293316
1293351
1295914
1296182
1296622
1298012
1299020
1299896
1301252
1301597
1301766
1301865
1302650
1303602
1304056
1304784
1306232
1306864
1309399
1309666
1310315
1310612
1312646
1312935
1313164
1313376
1313875
1316354
1317972
1319187
1319290
1321205
1322417
1322608
1322759
1323253
1323597
1325588
1326016
1327529
1329587
1330940
1330974
1331220
1331269
1331276
1331985
1332377
1333260
1335763
1336007
1336418
1337018
1337461
1338136
1339522
1341082
1341137
1343486
1344428
1346744
1347015
1347660
1348327
1348494
1348513
1349257
1349440
1350345
1351265
1351615
1351932
1352170
1353073
1353840
1354620
1355695
1355998
1357150
1357639
1359377
1359680
1360905
1362844
1364750
1364977
1365341
1365707
1369601
1370039
1373115
1373255
1375604
1376433
1376700
1377536
1377802
1377871
1378097
1379571
1381666
1381709
1383410
1384611
1385792
1386577
1386925
1388483
1389247
1390827
1390859
1391134
1392623
1392744
1393415
1393633
1394495
1398141
1398277
1398613
1399322
1400158
1400739
1401384
1401517
1404107
1404459
1405867
1406067
1406423
1407481
1407918
1408247
1409840
1410651
1410763
1411182
1413180
1413590
1414528
1414606
1414716
1415443
1415578
1416345
1417205
1417937
1418615
1420232
1420473
1422097
1422292
1422325
1422496
1422545
1424615
1425050
1426100
1427156
1427616
1428047
1429099
1429410
1429669
1431193
1433718
1435128
1435837
1435913
1436398
1438021
1438355
1438442
1438753
1439268
1439493
1439513
1440352
1441624
1442119
1442385
1442847
1443589
1444856
1446351
1446478
1448220
1448489
1448604
1449037
1450241
1451456
1451767
1451966
1452616
1452986
1453705
1454510
1454726
1455774
1456478
1456809
1456866
1458333
1459428
1460119
1460696
1462437
1462827
1463069
1463714
1464188
1467005
1467701
1468231
1469570
1471232
1471377
1471723
1473884
1473966
1474850
1476215
1476345
1476681
1477470
1480402
1481086
1481428
1481565
1482091
1482996
1485069
1485927
1486771
1488803
1490048
1490102
1491461
1492489
1492516
1496433
1496448
1496867
1497519
1498171
1498253
1498531
1499052
1501590
1504046
1505593
1506726
1507458
1507591
1509879
1510115
1510404
1510640
1512996
1513656
1513942
1515547
1515634
1516447
1516585
1517104
1517529
1518379
1519388
1520029
1522023
1522176
1522195
1522354
1523972
1524157
1524191
1524489
1525140
1528096
1528264
1528331
1529109
1529486
1531063
1533861
1533986
1535398
1535810
1536394
1537556
1538162
1538756
1539701
1541060
1541398
1541407
1542594
1544298
1547055
1547700
1548268
1550859
1550877
1553265
1553673
1553883
1554089
1555011
1556009
1556842
1558499
1559797
1560226
1561278
1562605
1563097
1564340
1565193
1566127
1567135
1567400
1567461
1568573
1568586
1568737
1571464
1572864
1573521
1574634
1575968
1576413
1577164
1577950
1579160
1579821
1583567
1584336
1584441
1584990
1585082
1586956
1586956
1588459
1588690
1588820
1588974
1589044
1589672
1591118
1591538
1592973
1593163
1593343
1593622
1594708
1596521
1597021
1597083
1597094
1597367
1600866
1601416
1601417
1601774
1603136
1604685
1604845
1605889
1606323
1606396
1606902
1607154
1607398
1608532
1609363
1611228
1611613
1613529
1614754
1614853
1615285
1616864
1617014
1617298
1617389
1617413
1617489
1618767
1619995
1620681
1621645
1622858
1625500
1626145
1627192
1629122
1629588
1629674
1630270
1631186
1632097
1632257
1634243
1634963
1635163
1635519
1635594
1637498
1638025
1639024
1639363
1639896
1640451
1641680
1642893
1644146
1644459
1645037
1645308
1645806
1646365
1646509
1646568
1646999
1647629
1647770
1648521
1649406
1649786
1650166
1650328
1652285
1653108
1654637
1654647
1654673
1655102
1655550
1657097
1658294
1658308
1659161
1659677
1660175
1660253
1661538
1661702
1663507
1664935
1665977
1666441
1666918
1667775
1671739
1676657
1676899
1678235
1678893
1679409
1681494
1682682
1683091
1683817
1685604
1686724
1687108
1687810
1689005
1694222
1694285
1694754
1694765
1695231
1695350
1696875
1696934
1697924
1698181
1698335
1698557
1700320
1700550
1701302
1702682
1702932
1703303
1705258
1708457
1708836
1709589
1709726
1710123
1710516
1710698
1710917
1711103
1711299
1712577
1713166
1713402
1713843
1713852
1714874
1715121
1715287
1715483
1715829
1717263
1720045
1720137
1720970
1721048
1722909
1723898
1723919
1724440
1725027
1725243
1725299
1727141
1727949
1727968
1729849
1730406
1730594
1730969
1731889
1732834
1732978
1733923
1734055
1734198
1734726
1735110
1736647
1737195
1739447
1739657
1740723
1740985
1742496
1745337
1745408
1745918
1746669
1750618
1752686
1752998
1755179
1756045
1757580
1759450
1760018
1760533
1761023
1762002
1762055
1765672
1767408
1768314
1769829
1771320
1771620
1771888
1772150
1773798
1776802
1777188
1778366
1779134
1780529
1780917
1782092
1782732
1783197
1788702
1788765
1788897
1790200
1790508
1794011
1794163
1794351
1794805
1795075
1796958
1797353
1797409
1797834
1797933
1800652
1800729
1800904
1801230
1801423
1802262
1802472
1802588
1802860
1804442
1804786
1806331
1810899
1812103
1812202
1813583
1815777
1816789
1817609
1817706
1818326
1819596
1819804
1820100
1820540
1821832
1822214
1822588
1823549
1823821
1823845
1824144
1825649
1826176
1827533
1828353
1828784
1830473
1830662
1831955
1834873
1835124
1835453
1839799
1839810
1839978
1843092
1843383
1844820
1845111
1845220
1850329
1853158
1853509
1854362
1854493
1856170
1856490
1856809
1857552
1858447
1860269
1860471
1861464
1863194
1863817
1864669
1864803
1864824
1865980
1866082
1866850
1867344
1867394
1867668
1868366
1869123
1869837
1871660
1872073
1872152
1872235
1873572
1873813
1874073
1874829
1875187
1875447
1876116
1879496
1879685
1880444
1881152
1881398
1881991
1882963
1883922
1883933
1884017
1886649
1887591
1890313
1891744
1892498
1893317
1893633
1894737
1895126
1895160
1896118
1898444
1901388
1901807
1902916
1906068
1910297
1911251
1911762
1912362
1913724
1913842
1913872
1914204
1916126
1916960
1917611
1917785
1918607
1918859
1919274
1919589
1920280
1920388
1921626
1922318
1922476
1923368
1924198
1925374
1926367
1926415
1926612
1928132
1928371
1929211
1929218
1930410
1931146
1933343
1935532
1936533
1938198
1938457
1938640
1938820
1938984
1939301
1944257
1944556
1945082
1947739
1949051
1949299
1950426
1950450
1950662
1951123
1952585
1953424
1954856
1956061
1958300
1958333
1958378
1959336
1959967
1962256
1965841
1966580
1967072
1967091
1967447
1968831
1969173
1970457
1971025
1973143
1975009
1975604
1975724
1977081
1978325
1978783
1978823
1978905
1979075
1979967
1980003
1980801
1980802
1982008
1982922
1983398
1985971
1987544
1987660
1988063
1988554
1988854
1989771
1990468
1990598
1990717
1991252
1991296
1991734
1993415
1994381
1995889
1996349
1996646
1998717
1999017
1999777
2000369
2000663
2001368
2003165
2004056
2005753
2005804
2006356
2006916
2009032
2009792
2011716
2011867
2014330
2014504
2014933
2015158
2017239
2017379
2018125
2018610
2018719
2021065
2022254
2023118
2028268
2028842
2028976
2029346
2029680
2031958
2032125
2034462
2035465
2035573
2036736
2037666
2038846
2041319
2041543
2043080
2043174
2043321
2043449
2043976
2044115
2044852
2045847
2047314
2048630
2049621
2049845
2050335
2050429
2052150
2052825
2056534
2056932
2057216
2057910
2058281
2059083
2059850
2060538
2060630
2061684
2063033
2063881
2067148
2067868
2067946
2068016
2068055
2070714
2070895
2071633
2071809
2071871
2072940
2073913
2073993
2074735
2074801
2077579
2078343
2081457
2082144
2082165
2082367
2085004
2085715
2085986
2086397
2086622
2088300
2089726
2089860
2089960
2092034
2092398
2093162
2093231
2093675
2093950
2094997
2095069
2095261
2095371
2095386
2095832
2098886
2101440
2101445
2102164
2102959
2103203
2103725
2104552
2105177
2106351
2108011
2108122
2108299
2110155
2111424
2111824
2113598
2117172
2117834
2117901
2117992
2119134
2123001
2124144
2124948
2124981
2124990
2125517
2127311
2127469
2128190
2128246
2128816
2129499
2130356
2130516
2132085
2135585
2136282
2136585
2136800
2137186
2138247
2138526
2138745
2140879
2141009
2141325
2141600
2142888
2146343
2146474
2146729
2146923
2147388
2148056
2148856
2149328
2149449
2149709
2151965
2151991
2152061
2153743
2155389
2157092
2157867
2159450
2160729
2160926
2161118
2161269
2162102
2162209
2162471
2163933
2164446
2166809
2172254
2173083
2173230
2173490
2174763
2174895
2176238
2178284
2179294
2181351
2182053
2182277
2184437
2185858
2186073
2186114
2188527
2190425
2190697
2191620
2196321
2197709
2198513
2198553
2198568
2198721
2199615
2200472
2202597
2204667
2205137
2205574
2206072
2206205
2206732
2207548
2208504
2209384
2210076
2210608
2212043
2212308
2212426
2213032
2213862
2214874
2215874
2216351
2218710
2218890
2219370
2220941
2221032
2221486
2224195
2227182
2227661
2227873
2228017
2228268
2229083
2229166
2229400
2230164
2231942
2232215
2233166
2233428
2234537
2235930
2236341
2237219
2237883
2238305
2240043
2240073
2241156
2243615
2243915
2243961
2244488
2245413
2247952
2248514
2249098
2249824
2250322
2252801
2253902
2255330
2256729
2257809
2260242
2263874
2264986
2266502
2266830
2268398
2269764
2269986
2270482
2271030
2271376
2271491
2272118
2272591
2273098
2273318
2273455
2276392
2277787
2278147
2278394
2278468
2280028
2280325
2280990
2281168
2283020
2283052
2284238
2284534
2284640
2285224
2285884
2285945
2285967
2286166
2287134
2287928
2289717
2290033
2291227
2292720
2293356
2293880
2294399
2294831
2295221
2295471
2295951
2296096
2296545
2297188
2297330
2297358
2297765
2298198
2298732
2298870
2299101
2300754
2302937
2303805
2304476
2304722
2305370
2305748
2306861
2307006
2307847
2309731
2310702
2310901
2310964
2313314
2314545
2315736
2316352
2317257
2318133
2318377
2319245
2319703
2320194
2321016
2321264
2322058
2323838
2324856
2327020
2327456
2330003
2331606
2332091
2334107
2334380
2334828
2335135
2335865
2336457
2336763
2338701
2338748
2340539
2340558
2340703
2341301
2343941
2345259
2345626
2346408
2346517
2347351
2347517
2349124
2351143
2353393
2353644
2356106
2356583
2356592
2356998
2357128
2357196
2357496
2358781
2359274
2359302
2360032
2361326
2361616
2363590
2364331
2365786
2368194
2369248
2370991
2371586
2372253
2372499
2373929
2376673
2377904
2378077
2379745
2382518
2382604
2383499
2384437
2389192
2389648
2389851
2391256
2391363
2392005
2392086
2393280
2396178
2396284
2397142
2397820
2398046
2398209
2398216
2398648
2399268
2399641
2404386
2404418
2404747
2404780
2405568
2407201
2407222
2407653
2407699
2408324
2408367
2408574
2408956
2408975
2409966
2411849
2412227
2412885
2413573
2413786
2414982
2415612
2418529
2418870
2421185
2421923
2422236
2422394
2422839
2423163
2425081
2425609
2425948
2427867
2428047
2428460
2429742
2430482
2431649
2431789
2433714
2434839
2436097
2437030
2437179
2437417
2439081
2439256
2440432
2441852
2442098
2443203
2445934
2447264
2447713
2447921
2449624
2449637
2449671
2449741
2450972
2452136
2452691
2455304
2457490
2459447
2460400
2461641
2463743
2463955
2464208
2465013
2465431
2465553
2465561
2466639
2467691
2467791
2468385
2468443
2469320
2469801
2469839
2470515
2470581
2472305
2472879
2472990
2473184
2473956
2474903
2477397
2477705
2479221
2481497
2482583
2483588
2483913
2485081
2486558
2486677
2487486
2488412
2488443
2488535
2488794
2489364
2490021
2491685
2491706
2491900
2492027
2492364
2494492
2495368
2495546
2496185
2496493
2497697
2498093
2498895
2499793
2502203
2502236
2502595
2502856
2502951
2503172
2503527
2503761
2504319
2504898
2505829
2506093
2506625
2506633
2507657
2509075
2509858
2511360
2511442
2511524
2511720
2514984
2515174
2515801
2516575
2517009
2517021
2517086
2518074
2518409
2519041
2520846
2521367
2521593
2523984
2524042
2524402
2525495
2526592
2527613
2530453
2530949
2531412
2535228
2535309
2535797
2536622
2541275
2542879
2543999
2547678
2548996
2549550
2549694
2549750
2549753
2549886
2550668
2550728
2551540
2551887
2551905
2552730
2553024
2553552
2554814
2555192
2557072
2558026
2558846
2558849
2559088
2559122
2559366
2559898
2560404
2561041
2561304
2563006
2563797
2563870
2565766
2566692
2566758
2568637
2568651
2568966
2569404
2569522
2570588
2570639
2571019
2571077
2571387
2572931
2574280
2576858
2578020
2578394
2578728
2579464
2580196
2580407
2582087
2584113
2584608
2584777
2585150
2586106
2586408
2587633
2589258
2591777
2594024
2594968
2596112
2596200
2596562
2596745
2596762
2597278
2597843
2600392
2602407
2603405
2604361
2612560
2612786
2613574
2614666
2616196
2616978
2617329
2617947
2619547
2620234
2624564
2625107
2625369
2625897
2625898
2626867
2627270
2627629
2628198
2628621
2628775
2629510
2629809
2630906
2632066
2632177
2633399
2634572
2635424
2635830
2636266
2636314
2636480
2637992
2638020
2639177
2639244
2640546
2640558
2641053
2641331
2641534
2643483
2644671
2647184
2647913
2648352
2648635
2649464
2649787
2649960
2650124
2651426
2653790
2653844
2654675
2656955
2657239
2658203
2658232
2658326
2659810
2660223
2662134
2662153
2664158
2665734
2666272
2667678
2667798
2668621
2668879
2672851
2674212
2674524
2676377
2677706
2677724
2677974
2679769
2681801
2684090
2684391
2685380
2687684
2689625
2690909
2692045
2692860
2694236
2694869
2695521
2696050
2697391
2698230
2701418
2704459
2706220
2706395
2706468
2706888
2707312
2708426
2708771
2708934
2709483
2711000
2711515
2712692
2712926
2712974
2715495
2716178
2716392
2716827
2716880
2717038
2718687
2718891
2719222
2719343
2722894
2724769
2725969
2726266
2731521
2731786
2732173
2735242
2736113
2736915
2737371
2740608
2741802
2741988
2742187
2742734
2745343
2745607
2746417
2747407
2748439
2749336
2749924
2750619
2751583
2751956
2751990
2753994
2754030
2754094
2754829
2754942
2755102
2755184
2757466
2759300
2760140
2761827
2764535
2765481
2766276
2766679
2768069
2768768
2769054
2769784
2770013
2770178
2771817
2771916
2773581
2775665
2776282
2776607
2777072
2777972
2778393
2780247
2780382
2780987
2781033
2782593
2783145
2783469
2785793
2789052
2789095
2789266
2789789
2790109
2791771
2792668
2792913
2794389
2794418
2794674
2795114
2795138
2795158
2795242
2796539
2797917
2798261
2801314
2801482
2802186
2802287
2805812
2805877
2806001
2806495
2807019
2809382
2810027
2810233
2810535
2810719
2810986
2811013
2812475
2812556
2812787
2814233
2815016
2815336
2816640
2816748
2817201
2817581
2818138
2818952
2819246
2819828
2820503
2820769
2821869
2822959
2824106
2824345
2824837
2824847
2827660
2829660
2830083
2830255
2830617
2831323
2831945
2833750
2834375
2834895
2835204
2835321
2836316
2836522
2837253
2837931
2838845
2839772
2840785
2840830
2841449
2844311
2844761
2845325
2847287
2847707
2848464
2848971
2849273
2849304
2853773
2854360
2854609
2854719
2854730
2854908
2856787
2857429
2859322
2860502
2860634
2861176
2861291
2861784
2863093
2865465
2865556
2867395
2867848
2868720
2870870
2872239
2872705
2873423
2873556
2873903
2874085
2878560
2878895
2879514
2879579
2880163
2881954
2884493
2885737
2890364
2892437
2893858
2894953
2895376
2895530
2896461
2896516
2897071
2898197
2899310
2899679
2902994
2903669
2906057
2906535
2908081
2908598
2910673
2910874
2911368
2913439
2914427
2915227
2917521
2917768
2918010
2918591
2919612
2920178
2920393
2920857
2922830
2923241
2923935
2924078
2925797
2926921
2929405
2929920
2930383
2931015
2932547
2933162
2933344
2935135
2936813
2937222
2937409
2938110
2938566
2940192
2941543
2942136
2943978
2946421
2948162
2948668
2949832
2950775
2951471
2951868
2952972
2953091
2953812
2954548
2957151
2961611
2962098
2962185
2963430
2964592
2965571
2967865
2968552
2968638
2968930
2970229
2970343
2970458
2972280
2973810
2974738
2975952
2976604
2976773
2978396
2980501
2980792
2981811
2982411
2984371
2984693
2984731
2986167
2988121
2988851
2988973
2989532
2989640
2990416
2991084
2993718
2994423
2994745
2996059
2996521
2998034
3001259
3001412
3005346
3006939
3010601
3010852
3012204
3015648
3017412
3020271
3021776
3022234
3022278
3022435
3022831
3025176
3025256
3026568
3028309
3028874
3029351
3031298
3032496
3032587
3032672
3033356
3034158
3034594
3034657
3035388
3035904
3037834
3038350
3039285
3039838
3042149
3043120
3043771
3044428
3044668
3045121
3045664
3047467
3048897
3049181
3050539
3050591
3050673
3051152
3051874
3052657
3053913
3055466
3056052
3061522
3062129
3062338
3062761
3065263
3065459
3069341
3069374
3070396
3071002
3074433
3077435
3077439
3077983
3079606
3080966
3081865
3085280
3086009
3086282
3086484
3087381
3090451
3090561
3090704
3091396
3091865
3091992
3092402
3094282
3094553
3095606
3095925
3097026
3097360
3098212
3099660
3099699
3100012
3100535
3102481
3103223
3103270
3107890
3108142
3108157
3108576
3110567
3111499
3111804
3112128
3112452
3112597
3114664
3115231
3116487
3118458
3119380
3119520
3121629
3121786
3122272
3122936
3123396
3123644
3124538
3125959
3127883
3129287
3130177
3130244
3131340
3132448
3132613
3133766
3134314
3134763
3135070
3136166
3136950
3137141
3138752
3140348
3140750
3140810
3141138
3141188
3142773
3146337
3147528
3148115
3149643
3150202
3151080
3151365
3152798
3153990
3156920
3160087
3161592
3161943
3163006
3163015
3163761
3165113
3165436
3166143
3166810
3167140
3168282
3170857
3171733
3172297
3173088
3177078
3178422
3178792
3179424
3180803
3182442
3183583
3184225
3185398
3185807
3185933
3186879
3187511
3187569
3187713
3190757
3190882
3193473
3194062
3194592
3196035
3196362
3196386
3196449
3197178
3197299
3197459
3197595
3200049
3200429
3202905
3202967
3204221
3204393
3204959
3205486
3206719
3206864
3207307
3208815
3209726
3209965
3210209
3210626
3211887
3212560
3212638
3213141
3220045
3220712
3220858
3223112
3226128
3226559
3227182
3228365
3228514
3229668
3230501
3230705
3231419
3231757
3232653
3233654
3236905
3237996
3240257
3240606
3241676
3242857
3245445
3245735
3246271
3246672
3246780
3247271
3253070
3254359
3254813
3255004
3257127
3258182
3258654
3259320
3259348
3259731
3259891
3260202
3260332
3260995
3261606
3263123
3263363
3263916
3264854
3264989
3266613
3266796
3267195
3267795
3267837
3270040
3271188
3272263
3272952
3273145
3273378
3273519
3274076
3275778
3276046
3276600
3276840
3278237
3278288
3279125
3279549
3279678
3281468
3281788
3283139
3284484
3284560
3285895
3287017
3287679
3287745
3288170
3288822
3289063
3290078
3291026
3291689
3291877
3294714
3297293
3299325
3299626
3299801
3301048
3301353
3304567
3305140
3305195
3305929
3309442
3310091
3310686
3310737
3311280
3313000
3313369
3313561
3313628
3314257
3316609
3318137
3318487
3319911
3320866
3322025
3322154
3322805
3323136
3324371
3324463
3324523
3325145
3325388
3325424
3325497
3325946
3326253
3326656
3326913
3327697
3327935
3328179
3328266
3329040
3329542
3330555
3330879
3331534
3333088
3333296
3334645
3336438
3336462
3337656
3337889
3338888
3338957
3340197
3340702
3341366
3342025
3342198
3342541
3344861
3346137
3347586
3347807
3348478
3348782
3349634
3351329
3351542
3352611
3352956
3353498
3354257
3357092
3357177
3357444
3357602
3357998
3358202
3359819
3360664
3362051
3362710
3363186
3363850
3365046
3365785
3366252
3367174
3368098
3370177
3370810
3371051
3372118
3375270
3375425
3375571
3375736
3376484
3378146
3378585
3379410
3380470
3381720
3382294
3386247
3387420
3387530
3387930
3388168
3388330
3388540
3388903
3389135
3392029
3392226
3392811
3393930
3394347
3394636
3395040
3395094
3396045
3396678
3396737
3398725
3399211
3399294
3401331
3401788
3402337
3402462
3402552
3402620
3403189
3403747
3404484
3404908
3405200
3406218
3407046
3407413
3408109
3410399
3414388
3416030
3416296
3416803
3416876
3417595
3419036
3419062
3421081
3421082
3421163
3421445
3421669
3423216
3425003
3426605
3426804
3427709
3430175
3430521
3431085
3431262
3431466
3431885
3434268
3435423
3435926
3437913
3438015
3438188
3438417
3438574
3438644
3439638
3440449
3441772
3442306
3445506
3447573
3447677
3448130
3449004
3450118
3450357
3450359
3452332
3452360
3452739
3453532
3454376
3455244
3455975
3456724
3457256
3460393
3461170
3461678
3462427
3463414
3464016
3466047
3466188
3466577
3467799
3468127
3468357
3468449
3468938
3468982
3471942
3472357
3473440
3473563
3473787
3474813
3475423
3475762
3476096
3479376
3480224
3480850
3481873
3482653
3483905
3483985
3485478
3486281
3487776
3488399
3488698
3489685
3489819
3490003
3493292
3493430
3495360
3495379
3497224
3497371
3500405
3501822
3502192
3504475
3504937
3505261
3507087
3508513
3508709
3510082
3510600
3510615
3512485
3512942
3512952
3513125
3513847
3514482
3514574
3516591
3518189
3519061
3521634
3522400
3522715
3522826
3523832
3524671
3525016
3525811
3526586
3527799
3527944
3528067
3528326
3528872
3529085
3529346
3530089
3530590
3532101
3532212
3534028
3534781
3535203
3536230
3538089
3538535
3538668
3540057
3541790
3542194
3544087
3545913
3546112
3547022
3547828
3549053
3549851
3551180
3554989
3555161
3555183
3555471
3555771
3556032
3556752
3557688
3557978
3559360
3560154
3561945
3563337
3563835
3564057
3564201
3565830
3566982
3568715
3570528
3571599
3572182
3572913
3573149
3574332
3574622
3574782
3576413
3576838
3577527
3578171
3579201
3579483
3581397
3581600
3582397
3582526
3583543
3583614
3583978
3584262
3585889
3588039
3588691
3589732
3589945
3590018
3591764
3593217
3593327
3594767
3596108
3597341
3597918
3598645
3598665
3601596
3602253
3602475
3602717
3603880
3604056
3604670
3605435
3605664
3606329
3606905
3607404
3607469
3607542
3608341
3610620
3614125
3614619
3616110
3616455
3616618
3616914
3620187
3620882
3620902
3620909
3621432
3621938
3622752
3625699
3625953
3626855
3627293
3627460
3628156
3628556
3628730
3629799
3630586
3631460
3632872
3634035
3634366
3634635
3637611
3638462
3639356
3640157
3640560
3641231
3641762
3641774
3641968
3642147
3643064
3644198
3645123
3645487
3648793
3648998
3649031
3649185
3656333
3657703
3658413
3658571
3659417
3659564
3659715
3660709
3661250
3663478
3663546
3663655
3665463
3666658
3666905
3669246
3670772
3670950
3672012
3672745
3673578
3673656
3674059
3674078
3674543
3674545
3675078
3675243
3676681
3679270
3679414
3680090
3680335
3680526
3681949
3682953
3683116
3684015
3684275
3685821
3686648
3689243
3692169
3692842
3693394
3694203
3695730
3696879
3697638
3701967
3702376
3702897
3703428
3703868
3704734
3705146
3705228
3713531
3714259
3715259
3716555
3716653
3717067
3717357
3719541
3720807
3721141
3722566
3723587
3723820
3725524
3726182
3726196
3726492
3727945
3728397
3729031
3730029
3731466
3731983
3732018
3733416
3733569
3734655
3735356
3735372
3735765
3736172
3736718
3737081
3738541
3738722
3739593
3739983
3740224
3740291
3740724
3742255
3744332
3745591
3746137
3746439
3747337
3748883
3748953
3749970
3750236
3751585
3752267
3753607
3755779
3757100
3757401
3757804
3758165
3758931
3759203
3760285
3760787
3764289
3764372
3764768
3765638
3766083
3766493
3767021
3768108
3768686
3769920
3770302
3771402
3772114
3773102
3774187
3775423
3776043
3777840
3778463
3779679
3780034
3781837
3783481
3783540
3784904
3786234
3789911
3789985
3790584
3791104
3792221
3793394
3793652
3793983
3794080
3796082
3798024
3798076
3800920
3801136
3801243
3801936
3802190
3804245
3805805
3806125
3806312
3806960
3807877
3808077
3808128
3808710
3808715
3809485
3810024
3810692
3811777
3812503
3812572
3813920
3814545
3815340
3816511
3819071
3819305
3819790
3820342
3820701
3821281
3824306
3824354
3824595
3825082
3825819
3826064
3827601
3828610
3829646
3832767
3834240
3834532
3834765
3835729
3836099
3836290
3837904
3838094
3838212
3838272
3839228
3839286
3841185
3841321
3842245
3843765
3844532
3844534
3847007
3847484
3849919
3850199
3850543
3851061
3851203
3851824
3851885
3854156
3856212
3857114
3857280
3857830
3858021
3858655
3859662
3859967
3860493
3860530
3860677
3861187
3863989
3864438
3865136
3865889
3867244
3867263
3867809
3870411
3870884
3872214
3873361
3873724
3874336
3877093
3878667
3878785
3879697
3880649
3883020
3883742
3884774
3885864
3886054
3887350
3889696
3889836
3890109
3890450
3890924
3891067
3891326
3891423
3891516
3891928
3892351
3893069
3893281
3894744
3895467
3897388
3898143
3898347
3901560
3902186
3902720
3902845
3904171
3906654
3907421
3909139
3910417
3911092
3911528
3911718
3912105
3912241
3912382
3912687
3913804
3914203
3914668
3915157
3916573
3916990
3918135
3918182
3918217
3918596
3920247
3921898
3924116
3926128
3926139
3927041
3927590
3927822
3927902
3929126
3932081
3932195
3932498
3933966
3934422
3937975
3938664
3938953
3939166
3939416
3940714
3940776
3942335
3943689
3945549
3945716
3946693
3947214
3947278
3948140
3948188
3948393
3950103
3951413
3953125
3953145
3954658
3956538
3958363
3958824
3963244
3965003
3966564
3966603
3966853
3967121
3967817
3969437
3969533
3970363
3972108
3972418
3973344
3974144
3974482
3974550
3975203
3976545
3977255
3977416
3977876
3978410
3980371
3980458
3980574
3982451
3984315
3985215
3985641
3986468
3987078
3987291
3987695
3987813
3989030
3991853
3992417
3996257
3998083
4002161
4003304
4005317
4006617
4006754
4008693
4010711
4012001
4012849
4013047
4013424
4015651
4016491
4016981
4017094
4019582
4020345
4021661
4022141
4022236
4023562
4024108
4025026
4025996
4026549
4027235
4028804
4029387
4031342
4031448
4032303
4032667
4032706
4033584
4033611
4033836
4035525
4036852
4040603
4041691
4042200
4042538
4043434
4043964
4044912
4047354
4047569
4047954
4048400
4048574
4049647
4049755
4050812
4051023
4051134
4054286
4055348
4057033
4057112
4057371
4057955
4058424
4058683
4058842
4060250
4060257
4060580
4061511
4062599
4062623
4062744
4063416
4067512
4068901
4070483
4071767
4072618
4072987
4076274
4076351
4076722
4078025
4078309
4079146
4079758
4079928
4081142
4081643
4081658
4083007
4083442
4087799
4088842
4090171
4092050
4092099
4092345
4093797
4094658
4094720
4095465
4095901
4096026
4099012
4099277
4100081
4100690
4101464
4102113
4103052
4103142
4103961
4103974
4104363
4106527
4106746
4108734
4109440
4110289
4112916
4113238
4113736
4114195
4114757
4115954
4116898
4118470
4118733
4118752
4119212
4119739
4121171
4121467
4123094
4123288
4123386
4123570
4123788
4123879
4124967
4125925
4126560
4127322
4130778
4131561
4131649
4131699
4132339
4133372
4135924
4137058
4137153
4137336
4137982
4139654
4139751
4139823
4140151
4140585
4141498
4141854
4142003
4142125
4143774
4143871
4144080
4144789
4146153
4146197
4146283
4147552
4147815
4148247
4150323
4153411
4153956
4154539
4154542
4155583
4155869
4156489
4156557
4157020
4157143
4158439
4159043
4159309
4159983
4160475
4161295
4161619
4162417
4162998
4164636
4164982
4165324
4165458
4165461
4165538
4166299
4166898
4167337
4168455
4171505
4171506
4172276
4174390
4174631
4175428
4178671
4179078
4179167
4179851
4179870
4179945
4180869
4181809
4182511
4183574
4183664
4183779
4184409
4184461
4185168
4185326
4185559
4186427
4186530
4187003
4188086
4190253
4190779
4191514
4191559
4192319
4192757
4193583
4197122
4197163
4199240
4199721
4200625
4201312
4205974
4206164
4206672
4207335
4208236
4208538
4208768
4209183
4211055
4211152
4211607
4211978
4212078
4212543
4212663
4213088
4213507
4215354
4215700
4219625
4221165
4221806
4223247
4223668
4223931
4224052
4224199
4224825
4227029
4227289
4228184
4228487
4228796
4229187
4229853
4230516
4231184
4232619
4233736
4235084
4235702
4236963
4237135
4238152
4238888
4238998
4239482
4239974
4240217
4240634
4241522
4241941
4242095
4243284
4243463
4243987
4244254
4245161
4245937
4246882
4247551
4247621
4247986
4250421
4250618
4250669
4251986
4252304
4253034
4253804
4255404
4255662
4256256
4256455
4256682
4258072
4259453
4259807
4259989
4260057
4261886
4261956
4262670
4263183
4263447
4265718
4266709
4267213
4267971
4269254
4270864
4271539
4271561
4273603
4274022
4274548
4274989
4275193
4275895
4275967
4276879
4277518
4278116
4278607
4279255
4280873
4281548
4283749
4284247
4284990
4285937
4286217
4286579
4286971
4287693
4287752
4287799
4289530
4289960
4292250
4292697
4293294
4295064
4296266
4297946
4299024
4299649
4300831
4301364
4302351
4304379
4306047
4306048
4306386
4311541
4311799
4314431
4314572
4316602
4316682
4317130
4317397
4317716
4318047
4318656
4320328
4320504
4326581
4326927
4327663
4327910
4328659
4329851
4330477
4330664
4331127
4332114
4333050
4333852
4334319
4335215
4336561
4337276
4337381
4338101
4339093
4340171
4340319
4340378
4340575
4342059
4342589
4343114
4344340
4344350
4344401
4345256
4345447
4345656
4346841
4347640
4348710
4349481
4350357
4350785
4351267
4353308
4354080
4354190
4357286
4357627
4360311
4361689
4363824
4363974
4364793
4365425
4365631
4367113
4367615
4367890
4368193
4369197
4369616
4370180
4371144
4371456
4371572
4372066
4373273
4374231
4374646
4374969
4374989
4375454
4375619
4376361
4376802
4378469
4380341
4382102
4382998
4384056
4384798
4385137
4385271
4386413
4387891
4389032
4389774
4390907
4391087
4391410
4392181
4392420
4392643
4393427
4393906
4394586
4394934
4395222
4395251
4395623
4397422
4398650
4399013
4399110
4400023
4400027
4400909
4401421
4402587
4404306
4406067
4407436
4407768
4410431
4414714
4415922
4416083
4416331
4416390
4416624
4417921
4417961
4418066
4419682
4420342
4420638
4422807
4424559
4424839
4425201
4426905
4427551
4431106
4431134
4431716
4432105
4433363
4433648
4434014
4434685
4436583
4438262
4438437
4439448
4439579
4439811
4439837
4441037
4442384
4442518
4444218
4444377
4446251
4446569
4447171
4447725
4448636
4449694
4450765
4451220
4451534
4452321
4452355
4452663
4454250
4455162
4457662
4457719
4457809
4458556
4459050
4459176
4459282
4461749
4462586
4462611
4463162
4463554
4464268
4469224
4469396
4469652
4471247
4471266
4472290
4472427
4473152
4473207
4473271
4473303
4474731
4478053
4478844
4479687
4481206
4482015
4482201
4482817
4483318
4483544
4484043
4484653
4485670
4486672
4487010
4487048
4490430
4490432
4493337
4493399
4493608
4493878
4493903
4494141
4494402
4496591
4496595
4496821
4498351
4501907
4502625
4502824
4503423
4503448
4504466
4504721
4505947
4507524
4511711
4512599
4513031
4514130
4514409
4515490
4517156
4517311
4517586
4517619
4517840
4517935
4518637
4519961
4520422
4522347
4523813
4524384
4524412
4525418
4526688
4532266
4532615
4535671
4536433
4537349
4538322
4538486
4539875
4540090
4541150
4541649
4542593
4542810
4545340
4545375
4546604
4547030
4549165
4549623
4551180
4551288
4552054
4552437
4553837
4554585
4555703
4555772
4556817
4557023
4557105
4558471
4559047
4561245
4564841
4565567
4565896
4566035
4566816
4567540
4567787
4568833
4569733
4570061
4570199
4570300
4572326
4572513
4573297
4573411
4574057
4574714
4574906
4577113
4577223
4578862
4579273
4579395
4580039
4580305
4581156
4582719
4583274
4583506
4583831
4584565
4584859
4585038
4585692
4586372
4587465
4587837
4588180
4589327
4589559
4590280
4591284
4591372
4591762
4593268
4593997
4595768
4598797
4599419
4599649
4599729
4601059
4601184
4602562
4604267
4606608
4607534
4607828
4609110
4609243
4611282
4611328
4611617
4614756
4614791
4615438
4615639
4618145
4619122
4619414
4620003
4622785
4624311
4624697
4626627
4627756
4628172
4628788
4629203
4629828
4629882
4630256
4634416
4638360
4639478
4639964
4640188
4640275
4640556
4641381
4641402
4641720
4642214
4644537
4644844
4648148
4650062
4650133
4650616
4653667
4655149
4658972
4659017
4659539
4659636
4660571
4660869
4661612
4663046
4663975
4664207
4664328
4664887
4665001
4665377
4665630
4665649
4667853
4667922
4669073
4669547
4670635
4670801
4671393
4673956
4674622
4676495
4676808
4677238
4677530
4677881
4678105
4679204
4681946
4686416
4686542
4688686
4690516
4690930
4692510
4692771
4693317
4693621
4694144
4694764
4696713
4696780
4697501
4699982
4701583
4702064
4703087
4703191
4703746
4704237
4706784
4708082
4709310
4709485
4710883
4711779
4713556
4716034
4719067
4719719
4720130
4720284
4720678
4720728
4720863
4721474
4721796
4722560
4723015
4723683
4725691
4725973
4726137
4726236
4726504
4726868
4726920
4728630
4728721
4731194
4731534
4732473
4733809
4734285
4734764
4734962
4735750
4735969
4736447
4737692
4737787
4738565
4738597
4739057
4740749
4745419
4746082
4746346
4747720
4749075
4749264
4750066
4750214
4750260
4755099
4758282
4759418
4759493
4760249
4760794
4762123
4762536
4763918
4764045
4764375
4764451
4764914
4764936
4765061
4767778
4768501
4770166
4771168
4773207
4773318
4775549
4775940
4775990
4777110
4778190
4780111
4783271
4783278
4784664
4786668
4788310
4791198
4792599
4793165
4793277
4794403
4795425
4796408
4797620
4798424
4800103
4802069
4802407
4804355
4804394
4804472
4804733
4806311
4808857
4809478
4809622
4809795
4810560
4811958
4812719
4813090
4815590
4816544
4816597
4816734
4816947
4817617
4819495
4819569
4819844
4820810
4820851
4822756
4823688
4825313
4826120
4826602
4827186
4827246
4827619
4827926
4830422
4831819
4833859
4834369
4835136
4839336
4839429
4840454
4841104
4841826
4841908
4844366
4845243
4845716
4845767
4846240
4847544
4848824
4849696
4850529
4850732
4850870
4851369
4851432
4854137
4854375
4854674
4854957
4855297
4856190
4857185
4857409
4857680
4857716
4859327
4859481
4859498
4861791
4862654
4863169
4863548
4863623
4863680
4863918
4864568
4865600
4867581
4867756
4868527
4870102
4870180
4870534
4870753
4873368
4874951
4875132
4875493
4875903
4880352
4880626
4881252
4881651
4881673
4882768
4883934
4887637
4888210
4889291
4889574
4889882
4892451
4892453
4892637
4892758
4893961
4894478
4894845
4894947
4895336
4895502
4895756
4895926
4896597
4898171
4901362
4902064
4902874
4904515
4904742
4905088
4905867
4907462
4907989
4908499
4908823
4909995
4910641
4914855
4914962
4916253
4916324
4924953
4927824
4929083
4931827
4932033
4932197
4933050
4935566
4937928
4939277
4939461
4939645
4940658
4941067
4942658
4943382
4945030
4945875
4946137
4946694
4946773
4950027
4951047
4951494
4952980
4953841
4954439
4955267
4955375
4956006
4956531
4957002
4959937
4961873
4962057
4962288
4964708
4966768
4967037
4969209
4971977
4973165
4973812
4974003
4974133
4974742
4975078
4975822
4975844
4976417
4977937
4978473
4979019
4979612
4980029
4981411
4981778
4983840
4984028
4984070
4984850
4985907
4986582
4987097
4987788
4988630
4989319
4991036
4991780
4993153
4994003
4994389
4995353
4996400
4996454
4997242
4998372
4998989
5002125
5003581
5004191
5004864
5005147
5005571
5007062
5009045
5010682
5011397
5011873
5012197
5012821
5012836
5013400
5015011
5015151
5015863
5016464
5017143
5017717
5017911
5018071
5018223
5018942
5019156
5019696
5019877
5020447
5020651
5020974
5021079
5021212
5022265
5023932
5025573
5025714
5031755
5032277
5033108
5034399
5035987
5036060
5036970
5037806
5041032
5042263
5042514
5045664
5045986
5046583
5046656
5046951
5047093
5047264
5048238
5048267
5049966
5050545
5050769
5051436
5051520
5051632
5052366
5053332
5053662
5055479
5056286
5056758
5058011
5058830
5060421
5063447
5063474
5066455
5067402
5067619
5067739
5070285
5070561
5071726
5071779
5072719
5073010
5073344
5073366
5073634
5076564
5077421
5077850
5077879
5077933
5078047
5078890
5083810
5086144
5087880
5089233
5089884
5090329
5090427
5090705
5091740
5092028
5093250
5094499
5094798
5095141
5095864
5096653
5098135
5102845
5103076
5104321
5105665
5106624
5110601
5111843
5111914
5113323
5113381
5114316
5114540
5114772
5115117
5116729
5118226
5121745
5121779
5122041
5122231
5122419
5124318
5124510
5127284
5128500
5128767
5128914
5129581
5130447
5130783
5132036
5132195
5134298
5137384
5138053
5139655
5139667
5140848
5141494
5143002
5143442
5143677
5143846
5144192
5145160
5145632
5146132
5146424
5150645
5153734
5154291
5154899
5155375
5156253
5156632
5157433
5157637
5157913
5161248
5161268
5161430
5164297
5165160
5165530
5166538
5167103
5168979
5170176
5170279
5171009
5173763
5174926
5175078
5175307
5175764
5176313
5177416
5177983
5179276
5179422
5180132
5181642
5181845
5182074
5183664
5184406
5185949
5186751
5186913
5187895
5188229
5189774
5190114
5190850
5193272
5195518
5195613
5197003
5198105
5199543
5200028
5200586
5202019
5202475
5202574
5202776
5202831
5204338
5204606
5205004
5207887
5208035
5208275
5210710
5210758
5211193
5211613
5213972
5214501
5214817
5215788
5217261
5217484
5217708
5218747
5219708
5220571
5222735
5222822
5224854
5225989
5226876
5227293
5227677
5228194
5228438
5229894
5230168
5230927
5231084
5231192
5231359
5232935
5233054
5234174
5235284
5236277
5240534
5240956
5241238
5242387
5243763
5244165
5247219
5247285
5247826
5248619
5248717
5249711
5251955
5252068
5252212
5252499
5252646
5252902
5253509
5254320
5255369
5255547
5255585
5255714
5256567
5258813
5259917
5260776
5261544
5261722
5262718
5262939
5264172
5265363
5265555
5269476
5270717
5271018
5272105
5272840
5273684
5274599
5276544
5277571
5278815
5279248
5285174
5286199
5287032
5287339
5287487
5289252
5289423
5291701
5292285
5292820
5293043
5293405
5293550
5294880
5300795
5301410
5302177
5303088
5303096
5303254
5304566
5306770
5306779
5311280
5313010
5313089
5314736
5315789
5316144
5317565
5318848
5319637
5320221
5323449
5323666
5323866
5324622
5325021
5325918
5326810
5327143
5328196
5328929
5329612
5333488
5333864
5337819
5338114
5338267
5338303
5338805
5344806
5345299
5345535
5345682
5347159
5348081
5349306
5350444
5350899
5351852
5353125
5353318
5353620
5355683
5356021
5356924
5357531
5358809
5359232
5359313
5360234
5363179
5364572
5364884
5364983
5365242
5365897
5366414
5367939
5369569
5369750
5370426
5370646
5371550
5372617
5372940
5375065
5375739
5376390
5377042
5378025
5378976
5380018
5380667
5380812
5381970
5383649
5384674
5386489
5387418
5388335
5390199
5390957
5391637
5393871
5396742
5396980
5397331
5399476
5400065
5401466
5401742
5402630
5402727
5402866
5402925
5403275
5404216
5407982
5409542
5409990
5410408
5410683
5411098
5411213
5412950
5413222
5413856
5414251
5414572
5415335
5415424
5416776
5417018
5417511
5418646
5420892
5420995
5423623
5424918
5425220
5425585
5427200
5428017
5428054
5430410
5433128
5433648
5433756
5434807
5436860
5437615
5437870
5439427
5440121
5440221
5440518
5440673
5441856
5442196
5443707
5444587
5444793
5447797
5448376
5448408
5450879
5450941
5452616
5453215
5453727
5454125
5455385
5459020
5460365
5461465
5463868
5464769
5467107
5467258
5468192
5469813
5470685
5471105
5471204
5471623
5472147
5472828
5473754
5474237
5475324
5475494
5475539
5476548
5476832
5477604
5478278
5478623
5478850
5480318
5481137
5483418
5483483
5484003
5484876
5485069
5485344
5487251
5487465
5488659
5489139
5490142
5491111
5491771
5491967
5492694
5492713
5494693
5495594
5495957
5496413
5497085
5499281
5499417
5501225
5502131
5502581
5503333
5505046
5506096
5506393
5509300
5512115
5512230
5512661
5512766
5513165
5514796
5515600
5515887
5516551
5518922
5519366
5519758
5519862
5519891
5521527
5521885
5522144
5523685
5524161
5525301
5526500
5528489
5529271
5529412
5529686
5529860
5530731
5531154
5532499
5532932
5534007
5534774
5535562
5536740
5537835
5543449
5544349
5544430
5544985
5545907
5546156
5547526
5547756
5547905
5548044
5549097
5549211
5549610
5550554
5550616
5550726
5551406
5551414
5551892
5553946
5554422
5555404
5555621
5555696
5556827
5556895
5559027
5559741
5560529
5561944
5562372
5563164
5565620
5565773
5566114
5566479
5567325
5568362
5569258
5571577
5571827
5572644
5572831
5575119
5577069
5577445
5577919
5578473
5578507
5579075
5580294
5581341
5583736
5584366
5584557
5585418
5586092
5586326
5586693
5586869
5587303
5588472
5589017
5591543
5594161
5595316
5596798
5597073
5597498
5598328
5598409
5600186
5600192
5600626
5601080
5601906
5602793
5604134
5604803
5604895
5604996
5613773
5613957
5614004
5614329
5615216
5615852
5617220
5617606
5620618
5621163
5622574
5622631
5625517
5628255
5631817
5632033
5632918
5633940
5634304
5634475
5635120
5641067
5643139
5644248
5646023
5646256
5646703
5648506
5649485
5649867
5651059
5651884
5652213
5652605
5653224
5654699
5654953
5656027
5656584
5657506
5658209
5658615
5662702
5663645
5663695
5664506
5665471
5665740
5666925
5667081
5667088
5667670
5667694
5669703
5670726
5670801
5670909
5671169
5671462
5675930
5676223
5676802
5676874
5677586
5677768
5679134
5680670
5681357
5681628
5682763
5683168
5684942
5685299
5691577
5692267
5692296
5693357
5693901
5694641
5695537
5696303
5696896
5696900
5698060
5699503
5700155
5700710
5700759
5702991
5702991
5703126
5704267
5706634
5707040
5710958
5711785
5712805
5712913
5714962
5715007
5715149
5717921
5718385
5718843
5719073
5719243
5720276
5720413
5720859
5721161
5721896
5722523
5724570
5726150
5727221
5727418
5728606
5728708
5729720
5730491
5730617
5731248
5732028
5732959
5733993
5734828
5735725
5736993
5737956
5738960
5739155
5742223
5742449
5742881
5743749
5746841
5748331
5749277
5749650
5750132
5752126
5753616
5754590
5755129
5755531
5759913
5760217
5761980
5762491
5762643
5763474
5763725
5765356
5768173
5768537
5769041
5769331
5769386
5769771
5770598
5770819
5771716
5771930
5772958
5773599
5773932
5775977
5776056
5776785
5777844
5779452
5779799
5780222
5781246
5782385
5785166
5785170
5785234
5786988
5788046
5788146
5788367
5790811
5790902
5791080
5791980
5792501
5793576
5793578
5794721
5794840
5795132
5795603
5795922
5796282
5796649
5797653
5798594
5798787
5799455
5803561
5803760
5805550
5806569
5806753
5806973
5807421
5807424
5811325
5811662
5811666
5812491
5813676
5813721
5814758
5815593
5817751
5818365
5819043
5820595
5820734
5821203
5823530
5823738
5824542
5825144
5825237
5825267
5827545
5827806
5828404
5828509
5828535
5832239
5833760
5834790
5835369
5835983
5835988
5836320
5836821
5838367
5839119
5841364
5841426
5842275
5842896
5844080
5845947
5847213
5848442
5850905
5851157
5851693
5852054
5853750
5854089
5854456
5854689
5854868
5855740
5857228
5857536
5858490
5860473
5860630
5861625
5862571
5863082
5863252
5864939
5867440
5868515
5868520
5869465
5870024
5870498
5870734
5872137
5872258
5873523
5876693
5879269
5880477
5880972
5883466
5885489
5886121
5887943
5889221
5889235
5890607
5892345
5894964
5896469
5896973
5897087
5900081
5900183
5901286
5901548
5901945
5902183
5902276
5903220
5903330
5906408
5906573
5907151
5908862
5908930
5911045
5912523
5912718
5913521
5918096
5918305
5918468
5918831
5919437
5920365
5923567
5925467
5928264
5929328
5929656
5930337
5930445
5930884
5931451
5933305
5934686
5934824
5936979
5937261
5937295
5937841
5938891
5940854
5941888
5942710
5942817
5943106
5944106
5945894
5946540
5946664
5947207
5947882
5948599
5949126
5951009
5952611
5952960
5953380
5955438
5956514
5957752
5958115
5959100
5959129
5959539
5960576
5962079
5962471
5963065
5963487
5964685
5965754
5966814
5967186
5967264
5967381
5967775
5967900
5968848
5969228
5970063
5971002
5971380
5971440
5972522
5975695
5977751
5978585
5979448
5979913
5980116
5980154
5980512
5983870
5985913
5986560
5986618
5986707
5989491
5989500
5991149
5992243
5992335
5992949
5993708
5996470
5997557
5997808
5997853
5998617
5998640
5999556
5999769
5999845
5999913
6000943
6001458
6001943
6002645
6003220
6003566
6007552
6007837
6008574
6010421
6010806
6012041
6012474
6012915
6014053
6014837
6016370
6016406
6016712
6017205
6019143
6020223
6020555
6021253
6021856
6024309
6024603
6025325
6026197
6026545
6026567
6026766
6028669
6030599
6032085
6032556
6035077
6035358
6036695
6038154
6038179
6038651
6039841
6040739
6042167
6042909
6042956
6043883
6043920
6044430
6044886
6048205
6048645
6048887
6050961
6051483
6051902
6052041
6052756
6053212
6055781
6056522
6058200
6058668
6058896
6061610
6062421
6062958
6063593
6064467
6064954
6066086
6068134
6068691
6070581
6070645
6070777
6071766
6072770
6072879
6073110
6073246
6073397
6073920
6074516
6075084
6078733
6078791
6078804
6080688
6084969
6085855
6089483
6090393
6093075
6093404
6093445
6093741
6094019
6094167
6094257
6094953
6094954
6095313
6102148
6102177
6104505
6104985
6105750
6105752
6105942
6107006
6107175
6107800
6113100
6114725
6117572
6118160
6118873
6119250
6119757
6120973
6124475
6125855
6127438
6128098
6128946
6132023
6132638
6132892
6134883
6135931
6137151
6137332
6138629
6140125
6141867
6146070
6146719
6147399
6148139
6149114
6149582
6149718
6150405
6151256
6151584
6153137
6154001
6154510
6154624
6155133
6155312
6157592
6159250
6160899
6161395
6162258
6162800
6163893
6166217
6166927
6167184
6167380
6167921
6169577
6169924
6169944
6170448
6170538
6170810
6171309
6173527
6173669
6173757
6174539
6174745
6175067
6175492
6176105
6183142
6183314
6184505
6184597
6186038
6187045
6187577
6187736
6189819
6189996
6190313
6190530
6191880
6192054
6192630
6192710
6193683
6195161
6196832
6196989
6197287
6197299
6197395
6201220
6202355
6203049
6203473
6205191
6205260
6205783
6208311
6210247
6210654
6211213
6212765
6213089
6213260
6214726
6215199
6216007
6216538
6217039
6218091
6218456
6223407
6224058
6228125
6228515
6228811
6228993
6231044
6231480
6232080
6236269
6236280
6236551
6237894
6237991
6238250
6239085
6240875
6241378
6241796
6242020
6242227
6242881
6243647
6244191
6244422
6245100
6246163
6246646
6247235
6247440
6247757
6248124
6248175
6248819
6249406
6252545
6252636
6253491
6258040
6258063
6258530
6259465
6263502
6263886
6264439
6264469
6264759
6265688
6265722
6267767
6268022
6268070
6268670
6269645
6269878
6271337
6271520
6272633
6273796
6274032
6274541
6274892
6275886
6276259
6276633
6279225
6280373
6282201
6282392
6284555
6285125
6286126
6286192
6286846
6287942
6288941
6289400
6291397
6293246
6293740
6294676
6295095
6296107
6296504
6296927
6300006
6302324
6303455
6305458
6305925
6307169
6307795
6310325
6311235
6312370
6312522
6313279
6316406
6316985
6317264
6317576
6318286
6320191
6320236
6320510
6320697
6321371
6324103
6324938
6325049
6325766
6325839
6326557
6328520
6329906
6330045
6330230
6331174
6331682
6331807
6332686
6333735
6334122
6335040
6335252
6335693
6336993
6338440
6340890
6342230
6342623
6344563
6345521
6345688
6345750
6347199
6347202
6348303
6349660
6350496
6351522
6351523
6353397
6353602
6353615
6354644
6354749
6355017
6357130
6358219
6358317
6358872
6359388
6359770
6360443
6360562
6361156
6361411
6362007
6363530
6364010
6364140
6365624
6365651
6365928
6367660
6369414
6369555
6369862
6373581
6373832
6374142
6375623
6376049
6376933
6377982
6378346
6378475
6379788
6380299
6381995
6382777
6384504
6385148
6387802
6388249
6388740
6394532
6394813
6395934
6397373
6397863
6398431
6398682
6399370
6399387
6401600
6402339
6403012
6403077
6403752
6403901
6405301
6405309
6405668
6405725
6406195
6406200
6406886
6407758
6408893
6409376
6410747
6411017
6412486
6412797
6413184
6414650
6414861
6415474
6415912
6416332
6416417
6416517
6418548
6421564
6422463
6422966
6423060
6423169
6423757
6424050
6425061
6426258
6427713
6427766
6429455
6429655
6431707
6432298
6432684
6435248
6435712
6435834
6435918
6436428
6436875
6438962
6440084
6440344
6441682
6442136
6443867
6445074
6445482
6446351
6446659
6447284
6447877
6448790
6449070
6450679
6450799
6450817
6450965
6452255
6452332
6452385
6452995
6454526
6457199
6459562
6463023
6463071
6463198
6463287
6463812
6464857
6465107
6466651
6469202
6469348
6469617
6470645
6471163
6471212
6471922
6471934
6472345
6472778
6474057
6474371
6474894
6475549
6476558
6477163
6483386
6484004
6485323
6486103
6486598
6489202
6489697
6489982
6491481
6491745
6491789
6492381
6492805
6492924
6496899
6497232
6497294
6497539
6498756
6498888
6499422
6499666
6499829
6501657
6501833
6502755
6506826
6507494
6509254
6509851
6509942
6510066
6511073
6511883
6512591
6513059
6513153
6513891
6514093
6514632
6515314
6516409
6517025
6517309
6519191
6519872
6520658
6523666
6524135
6524507
6528423
6528714
6529949
6531862
6532461
6534055
6536308
6536557
6537147
6537602
6537891
6538592
6538702
6540522
6541176
6542073
6543191
6543396
6544017
6544863
6551231
6552824
6555176
6556444
6557198
6558622
6559297
6559488
6560394
6562208
6562673
6564014
6566977
6567992
6568817
6570384
6570404
6570829
6570877
6571097
6572322
6573586
6574760
6575047
6575599
6577163
6577384
6578165
6578629
6579198
6579506
6580177
6581811
6583638
6584305
6584812
6585901
6586527
6586645
6586841
6586901
6587545
6588319
6588639
6589742
6590737
6591430
6592904
6593190
6593462
6593797
6594344
6595347
6595407
6595421
6596629
6598125
6599293
6600435
6601326
6601357
6602066
6602100
6603905
6604423
6605219
6606581
6608973
6609321
6609539
6610771
6612820
6613882
6618283
6618696
6619206
6619219
6619863
6620949
6620960
6621042
6621384
6621467
6621999
6622377
6623605
6624480
6624785
6625178
6627020
6628460
6629638
6630380
6630493
6632125
6633934
6634129
6634650
6635719
6636864
6637283
6637858
6638407
6639371
6641351
6641949
6642710
6642869
6642984
6643083
6644317
6644629
6646893
6647340
6647962
6649478
6649760
6651257
6651731
6652605
6655728
6657157
6659790
6660368
6661142
6661810
6661893
6662200
6662898
6663181
6663861
6664848
6665080
6665185
6665349
6667293
6667966
6675408
6675976
6677134
6677327
6678658
6678710
6679576
6681449
6681581
6681694
6682099
6684019
6684368
6684866
6686024
6687706
6688004
6691304
6692155
6692236
6692749
6693708
6693739
6694121
6694179
6694382
6694539
6694683
6695138
6695899
6696174
6698683
6698707
6701138
6701327
6706261
6706349
6708627
6710807
6712417
6712638
6712815
6713914
6716523
6716797
6717243
6717885
6718609
6718686
6719065
6719157
6722170
6722656
6722921
6722951
6724774
6725032
6725235
6725583
6725656
6726014
6728972
6730476
6730762
6731239
6731272
6732802
6733111
6733172
6733373
6733517
6733948
6734182
6734674
6735463
6736344
6736404
6736865
6737512
6738063
6738389
6740336
6740380
6741625
6742473
6742578
6745373
6747806
6748310
6749886
6750063
6751061
6751133
6752004
6754589
6755681
6755775
6756019
6756210
6756974
6757772
6757774
6758069
6758933
6758942
6760829
6761386
6761484
6761879
6763063
6763251
6764313
6765867
6766016
6766349
6766545
6768051
6768854
6772199
6774124
6774166
6774576
6774998
6776862
6776930
6777459
6777647
6778562
6778871
6779902
6780918
6781992
6782433
6783052
6783713
6785056
6786407
6789543
6790306
6791820
6791945
6792574
6792598
6795614
6795706
6796021
6797734
6797746
6798034
6798772
6798914
6800491
6801178
6801411
6801468
6801581
6802777
6803147
6804409
6804962
6806107
6806530
6806571
6807923
6808140
6808681
6809587
6810488
6810773
6812291
6815582
6816097
6816202
6816445
6817254
6818519
6818590
6820089
6820111
6820710
6824830
6824877
6826022
6826112
6829348
6832503
6834374
6835248
6835443
6835570
6836409
6836555
6841049
6844565
6844701
6845328
6848113
6848430
6850166
6850184
6852509
6853380
6853733
6854642
6855706
6856232
6856280
6857327
6857595
6859928
6860265
6861593
6862136
6866096
6867147
6867364
6867802
6867879
6868856
6869624
6870146
6870465
6871322
6871549
6871615
6873068
6874154
6875495
6876004
6876623
6877419
6878615
6880010
6880720
6880948
6882080
6882889
6885164
6885293
6886581
6887987
6889248
6889423
6890288
6890396
6890958
6891441
6891581
6892147
6892598
6893722
6893912
6893977
6894672
6895140
6895337
6897480
6899328
6899726
6899848
6900527
6900747
6902569
6903748
6907014
6907813
6908020
6908104
6908629
6908970
6910820
6911879
6913355
6914467
6914984
6916229
6917373
6920129
6920289
6920509
6922408
6923121
6923267
6923340
6923850
6928702
6930219
6931874
6932345
6932890
6933758
6935038
6935830
6936513
6938100
6939277
6939298
6939671
6941350
6944085
6945006
6945183
6946132
6946300
6946812
6948727
6948891
6948990
6949947
6950430
6950781
6951730
6953553
6954531
6954774
6955230
6955386
6956632
6956812
6957578
6958637
6959046
6960851
6961038
6961555
6962532
6963364
6963570
6963763
6964748
6965340
6966361
6966617
6967755
6970107
6971528
6972369
6973207
6974027
6974137
6975619
6975635
6976868
6977533
6978039
6979875
6980137
6982399
6983998
6984013
6984680
6985322
6986150
6987493
6987570
6988133
6988472
6988812
6989424
6990991
6991025
6993181
6993546
6993742
6994724
6995022
6995400
6996030
6996705
6997026
6997849
6998053
6998592
6999394
6999652
7000117
7000422
7000491
7001349
7001753
7002048
7003841
7003876
7003957
7004038
7004367
7004569
7004964
7004998
7005739
7006360
7006494
7006635
7007854
7008842
7010084
7010390
7010956
7011091
7011596
7011728
7012415
7013082
7013348
7015639
7016072
7016756
7017155
7017386
7017636
7018094
7018654
7019165
7019232
7019628
7020064
7025709
7026690
7027792
7028938
7029168
7030109
7030953
7030973
7032142
7035536
7036579
7036688
7036762
7038821
7039528
7041734
7042152
7042765
7043258
7043803
7046019
7046054
7046766
7047196
7048541
7048884
7051393
7052872
7053537
7053581
7055276
7055867
7056344
7058549
7061560
7061950
7063641
7063718
7063771
7064365
7064794
7064932
7066275
7066490
7066624
7066734
7067165
7067391
7068095
7069169
7069552
7071118
7075596
7081018
7081048
7081837
7081849
7084116
7084667
7086144
7086576
7087507
7088072
7088749
7088982
7090969
7091936
7093359
7094332
7095466
7097109
7097198
7100302
7100737
7102751
7102908
7103897
7104040
7104074
7104135
7104479
7104508
7105697
7106015
7107610
7108595
7109104
7112409
7112635
7115620
7117577
7117842
7119036
7120321
7121215
7121329
7121586
7124016
7124280
7126171
7126723
7128500
7128630
7128807
7128962
7129528
7129923
7129942
7130466
7130497
7130760
7131407
7132123
7134280
7135627
7135710
7139068
7139246
7140552
7141443
7142003
7142893
7145268
7145852
7147002
7147528
7147702
7147721
7148008
7148332
7149082
7150154
7150643
7150935
7150946
7151068
7151638
7152865
7152911
7153420
7154375
7155087
7155873
7156683
7157247
7157939
7158791
7160169
7160260
7160904
7161778
7162076
7162784
7162907
7166117
7170893
7170999
7173540
7173660
7174220
7174537
7175212
7175445
7175994
7176326
7176795
7177489
7179453
7180030
7180438
7181009
7181728
7181973
7182102
7182610
7183586
7183946
7184031
7184181
7184538
7186983
7187896
7188365
7190935
7191968
7193144
7194121
7197660
7198241
7199641
7199958
7202483
7202957
7203161
7204206
7205859
7206079
7207955
7209417
7210330
7211579
7212451
7212667
7212859
7214714
7215075
7215208
7218052
7218485
7218803
7218819
7219842
7221426
7222796
7224558
7225731
7227901
7228342
7228915
7229997
7230052
7230554
7230697
7231039
7231075
7231935
7233000
7233137
7233486
7234071
7234119
7234881
7235212
7235620
7235981
7238781
7239018
7239727
7240506
7241628
7242976
7243424
7243729
7244294
7245402
7245415
7246082
7247007
7247923
7248149
7248357
7248616
7249888
7250116
7250126
7252028
7252047
7254131
7254202
7255786
7257316
7260552
7260716
7263391
7264387
7265433
7265649
7265892
7278024
7279113
7279962
7280047
7280819
7282119
7283454
7283741
7284205
7285259
7286572
7287048
7291281
7291382
7293388
7293469
7293803
7295016
7295321
7296160
7296976
7297790
7298447
7298469
7298833
7299611
7301528
7301693
7303836
7305760
7306505
7307730
7307780
7308251
7309743
7309805
7309931
7310925
7310972
7311869
7311932
7312378
7312546
7312920
7313705
7316111
7318613
7319029
7321153
7321850
7322056
7322985
7323229
7323643
7324771
7326244
7326968
7327070
7330754
7331532
7332753
7333833
7336586
7336786
7337456
7338865
7340143
7340617
7342530
7343755
7343780
7344888
7345509
7346677
7346766
7348610
7348879
7351017
7351813
7351912
7352995
7354736
7354968
7355716
7356586
7358469
7359177
7363183
7363489
7363781
7366122
7367945
7368659
7368824
7369816
7369828
7369876
7371688
7371753
7371868
7372374
7372543
7374821
7375619
7376434
7377117
7379003
7379249
7380544
7380969
7381075
7382657
7383904
7384275
7385304
7385557
7389011
7390901
7392436
7392768
7393075
7393504
7394469
7396487
7399653
7399754
7400483
7402714
7404476
7405820
7406229
7406843
7406989
7409543
7410943
7411372
7412734
7414035
7414502
7415868
7417044
7417188
7418102
7420364
7420790
7421290
7421968
7421998
7422497
7423647
7424026
7425710
7426170
7427445
7428268
7428698
7431116
7431922
7432539
7433443
7433543
7433830
7434182
7434359
7435034
7435305
7436477
7439042
7439103
7441296
7445114
7445848
7445889
7450185
7451835
7452519
7453918
7454812
7455475
7455681
7456346
7456682
7457453
7457522
7457623
7460983
7461693
7461950
7462124
7462729
7462759
7463339
7463892
7464122
7464523
7464675
7464897
7466027
7467774
7468419
7469869
7470111
7471062
7471118
7474043
7474915
7475831
7475844
7480839
7481304
7482753
7482843
7484333
7484880
7486631
7487412
7489619
7490286
7490686
7492800
7492970
7494738
7496750
7497368
7497393
7498089
7498358
7499431
7500293
7500354
7500369
7501381
7502646
7503858
7505699
7506153
7506961
7507794
7509324
7510558
7510782
7510898
7510910
7511586
7511839
7512167
7512396
7514613
7516565
7519073
7519168
7519243
7520619
7520929
7522782
7523451
7523882
7524617
7525805
7526272
7527030
7527401
7528717
7529201
7529673
7530032
7530430
7530554
7533642
7533650
7534043
7534134
7534624
7535941
7536436
7537682
7538297
7539963
7540550
7541319
7542646
7543746
7545154
7547259
7548216
7548680
7551431
7553553
7556112
7556226
7557189
7557740
7560825
7561589
7561626
7562763
7563421
7563762
7563959
7564929
7565084
7565810
7566572
7567064
7567265
7567856
7569914
7570778
7570943
7571939
7574079
7574088
7574671
7574717
7576460
7579830
7580941
7581644
7584183
7584920
7587377
7588463
7589019
7590505
7591713
7591765
7592048
7593406
7594428
7595174
7596926
7597181
7597317
7598332
7600743
7601315
7601673
7602097
7602848
7604500
7606414
7606788
7607363
7609234
7609820
7615170
7616228
7618066
7618190
7618459
7618627
7619166
7619923
7620290
7621869
7621922
7622220
7622917
7623180
7624072
7624108
7626320
7627342
7627812
7628654
7628955
7630988
7631751
7631869
7632431
7632577
7632643
7637612
7637820
7638405
7638770
7639306
7639520
7642549
7642549
7642588
7643217
7647712
7647913
7648036
7648853
7649026
7649680
7651656
7655093
7655364
7655367
7656234
7657235
7657588
7659448
7661310
7661759
7662858
7662958
7664965
7665058
7666488
7667050
7667874
7668089
7668375
7668889
7669886
7670800
7671039
7671069
7672734
7672887
7673345
7674013
7674519
7676540
7676762
7677244
7677450
7677942
7678545
7678768
7679357
7679680
7680100
7680966
7682675
7682731
7684624
7685015
7685672
7686082
7686780
7687220
7687943
7690114
7691049
7691363
7692101
7692571
7693257
7694005
7694776
7694850
7696173
7696532
7697360
7699967
7700548
7700974
7701198
7701398
7702977
7703245
7703479
7704015
7704094
7704710
7705111
7709237
7709460
7710136
7710328
7710379
7713162
7713911
7714083
7714132
7714733
7715050
7715760
7716334
7716386
7717046
7717461
7718496
7720598
7721318
7722283
7722521
7724618
7725013
7725791
7726226
7727569
7728721
7729087
7729258
7732591
7732607
7732726
7732962
7734518
7735452
7735949
7736184
7736983
7738596
7740825
7743857
7743972
7745237
7745913
7746760
7747917
7748556
7750503
7750826
7751163
7751657
7751717
7752235
7752412
7752689
7753504
7754031
7756271
7757398
7759847
7760046
7761562
7761857
7762272
7763359
7764079
7765173
7768180
7768753
7769145
7769322
7769585
7770352
7770737
7772408
7772863
7773757
7773963
7774401
7775032
7775964
7777428
7777595
7777708
7778755
7780380
7781206
7781559
7781942
7781986
7783756
7783942
7784664
7785879
7786308
7787281
7788463
7790683
7791259
7791263
7791267
7791985
7792991
7794245
7794895
7796553
7797995
7799615
7799648
7800202
7800913
7802824
7802880
7802974
7803169
7803322
7805760
7806026
7807714
7808096
7809223
7811822
7812242
7812527
7813465
7813789
7814664
7814713
7815637
7816567
7816774
7816857
7817867
7819533
7819701
7820634
7820936
7822960
7823472
7824318
7827291
7828089
7828587
7829440
7829507
7831175
7831203
7831300
7832423
7832951
7833069
7833157
7833487
7834244
7834425
7835744
7836245
7836945
7838114
7838169
7839363
7839533
7840231
7840728
7841647
7841790
7842027
7842466
7842958
7843568
7844050
7844244
7845721
7846468
7848286
7850185
7851051
7852116
7853214
7854182
7854408
7855059
7858540
7858591
7860128
7861457
7862282
7862751
7862818
7863069
7863202
7863323
7863542
7864843
7864897
7865040
7865172
7865666
7866439
7867520
7868301
7868752
7869292
7869371
7872239
7872446
7872545
7873636
7876366
7877099
7879417
7880866
7882760
7882915
7883413
7883538
7885642
7885645
7885903
7886458
7886620
7889261
7890303
7890759
7891461
7891631
7893415
7893562
7894664
7897307
7897708
7897860
7898419
7898487
7899948
7901265
7901290
7901499
7902153
7902616
7903235
7905889
7906283
7907425
7907822
7907987
7908261
7909113
7909136
7909435
7912474
7912543
7912565
7913438
7913794
7913889
7915671
7915831
7916124
7916598
7917637
7918710
7919357
7919389
7919565
7921549
7922638
7924658
7925820
7926211
7926474
7926715
7926748
7927582
7928603
7929924
7932917
7934475
7935768
7936146
7937508
7938084
7939203
7943309
7944382
7944387
7945875
7946407
7947239
7947922
7950519
7952434
7953755
7954605
7955255
7955597
7957061
7957847
7959289
7960560
7961010
7961777
7962229
7963596
7964136
7964412
7965256
7966103
7966124
7967692
7968015
7969695
7971224
7971225
7972117
7972848
7973505
7975121
7975813
7977037
7977072
7977881
7978389
7979496
7980122
7980615
7980896
7981484
7982114
7982144
7983580
7984153
7984579
7984801
7986112
7987759
7988083
7988570
7991912
7991977
7993584
7993705
7995678
7996482
7997333
7999096
8001016
8002046
8002295
8002578
8003903
8004976
8007111
8007134
8007633
8007871
8008063
8008767
8008895
8009180
8009995
8010643
8011136
8011161
8011231
8011348
8011946
8012428
8012566
8013704
8014386
8015872
8015888
8016201
8016933
8018355
8021340
8023426
8026337
8026344
8027107
8028284
8028541
8030486
8030707
8030831
8030934
8031859
8033909
8034472
8036746
8037425
8038481
8038671
8039395
8041101
8041162
8041279
8041508
8042147
8044055
8044503
8045485
8047806
8048633
8049151
8049262
8049396
8051074
8051833
8052204
8053011
8053409
8054239
8054767
8054781
8056205
8056302
8057216
8058453
8058522
8058841
8059235
8059835
8059839
8060376
8061013
8061303
8061913
8063030
8063766
8066093
8068781
8071841
8075101
8076330
8078144
8078416
8079065
8081355
8082609
8082730
8082753
8083289
8084141
8085315
8085667
8086116
8086205
8086494
8086508
8086738
8087792
8088949
8090205
8090329
8090880
8091992
8092398
8093269
8093850
8094661
8095213
8095520
8096074
8096995
8097445
8097903
8098144
8098287
8098676
8099115
8100916
8101116
8101820
8101824
8104817
8105056
8105292
8106110
8106440
8106940
8107716
8108194
8110536
8111751
8111947
8112273
8115871
8116624
8119558
8119702
8120970
8120986
8122487
8124109
8124900
8126374
8126684
8126786
8128529
8128701
8129588
8131680
8131991
8132562
8132565
8134004
8135107
8135290
8137646
8138906
8139476
8139713
8141516
8142040
8142839
8143281
8144468
8145113
8145339
8147114
8147724
8147822
8148043
8151038
8151634
8152632
8155911
8156506
8156507
8156706
8156779
8157430
8159887
8160394
8161299
8161415
8161527
8163116
8163336
8163342
8163702
8164489
8164568
8164572
8165584
8166534
8167638
8170135
8170396
8171342
8172716
8173613
8175455
8175726
8175801
8178641
8180635
8181282
8181534
8182691
8183291
8186555
8187677
8187713
8188318
8189175
8189518
8189873
8190902
8193397
8193412
8193463
8193585
8193817
8195060
8195167
8195550
8196106
8196189
8196591
8200227
8201055
8201147
8201542
8203680
8203934
8205033
8205324
8206056
8211202
8212365
8213397
8214437
8215302
8216639
8217332
8217561
8217595
8218124
8218731
8219661
8219901
8221116
8221757
8222023
8222204
8224102
8225773
8228955
8229782
8231812
8234294
8234734
8235803
8236772
8236869
8238464
8238864
8239250
8239627
8239985
8240366
8240442
8241563
8241583
8241688
8242141
8242785
8242808
8243001
8243061
8245409
8246379
8247071
8247770
8250928
8251812
8252027
8253775
8253849
8254241
8254778
8255473
8255501
8256293
8256360
8256543
8256686
8257856
8258075
8259072
8261254
8261659
8262015
8262559
8262802
8262842
8264382
8264839
8265020
8265634
8265658
8269631
8271004
8271575
8271918
8272187
8274585
8275045
8276810
8278503
8280364
8280455
8282311
8284299
8284821
8284917
8285568
8286452
8289420
8289714
8291103
8293280
8293653
8294116
8295258
8295321
8295806
8296004
8296356
8296692
8298197
8299450
8299529
8302148
8302174
8302641
8304831
8304938
8306034
8307283
8311083
8311492
8311842
8312459
8313405
8314201
8314770
8314807
8315791
8315907
8316870
8318308
8322111
8322537
8324839
8325316
8326037
8326816
8328226
8328928
8328973
8329364
8329824
8329834
8330449
8330636
8330721
8330857
8330937
8331573
8331708
8332487
8332691
8333371
8334114
8334403
8336893
8339975
8342977
8344296
8346193
8346314
8347657
8348729
8351470
8352341
8353668
8355516
8355604
8356609
8356910
8360386
8360867
8360945
8361202
8361677
8361731
8362439
8363424
8363918
8364180
8364418
8367072
8370496
8371071
8373205
8376034
8376184
8376544
8377076
8377391
8377935
8378903
8379317
8380934
8381643
8382568
8383122
8383409
8384516
8386935
8387669
8387831
8389095
8389259
8389274
8389776
8390330
8390400
8391255
8393111
8395509
8396703
8397513
8398440
8399004
8399716
8400320
8400668
8400842
8401328
8401416
8402881
8403506
8403692
8403805
8403976
8404009
8404451
8405002
8405399
8405706
8405945
8406078
8406932
8407961
8408007
8408697
8409612
8409626
8409776
8409812
8410626
8411856
8412725
8412998
8413422
8413621
8414254
8415051
8415491
8415893
8416171
8417747
8418384
8419218
8419464
8420163
8422901
8424377
8424798
8425049
8425696
8425738
8425993
8426556
8427195
8427493
8427684
8430331
8432312
8432534
8433667
8434345
8434748
8435119
8436033
8436395
8440135
8440240
8440452
8440878
8444418
8444534
8445810
8445878
8447223
8447277
8448395
8448816
8449346
8450629
8451275
8451949
8452270
8454417
8455555
8455689
8459081
8461380
8462036
8462613
8462741
8462964
8463801
8464185
8464983
8465130
8465538
8465597
8466237
8468285
8473327
8473983
8474438
8475500
8476385
8477492
8479433
8481252
8481548
8483841
8485595
8485618
8487181
8487868
8488244
8488927
8490012
8490689
8493798
8494922
8496127
8497733
8498228
8498393
8499479
8502238
8503037
8504080
8504102
8504399
8505136
8506293
8507278
8508069
8509170
8509328
8509603
8510087
8510256
8511768
8512503
8512824
8513159
8513307
8513615
8514421
8515173
8516243
8516768
8516882
8517607
8517786
8518518
8519477
8520389
8520872
8522508
8522788
8526379
8526695
8527632
8528817
8530422
8530519
8531337
8531777
8532480
8533760
8535002
8536176
8536732
8536934
8537960
8539592
8540420
8540785
8540906
8543118
8543170
8543344
8544962
8545697
8546678
8549177
8551059
8551441
8553497
8553525
8554080
8554238
8554334
8554429
8554647
8554688
8554694
8554747
8554917
8554999
8556354
8556603
8556957
8557751
8557784
8557945
8558794
8558997
8559498
8559952
8560461
8562338
8562736
8565143
8565171
8565459
8565826
8567478
8568634
8569363
8570163
8571908
8573450
8574059
8574523
8574838
8575010
8575345
8575621
8576484
8576655
8577134
8577294
8578178
8580488
8581037
8581315
8582122
8582970
8583061
8583277
8584542
8585782
8586469
8587959
8588866
8591340
8592650
8595495
8597851
8598156
8598636
8600628
8601867
8603302
8603562
8604236
8604413
8604981
8606454
8606842
8607549
8608355
8609430
8609802
8612119
8615322
8616017
8616017
8616315
8616709
8616983
8619205
8619517
8620300
8620431
8621142
8621475
8622621
8622993
8623504
8625394
8625732
8626169
8626593
8627321
8628523
8629353
8630249
8631684
8632398
8632940
8636315
8636641
8637270
8638892
8639524
8639953
8641535
8643245
8647801
8648396
8648441
8649408
8650606
8651401
8651915
8652206
8653583
8655011
8656954
8657528
8658760
8658905
8659134
8660374
8661171
8661329
8661349
8663040
8666946
8668514
8670468
8671099
8671988
8672753
8673630
8674246
8676482
8676638
8677707
8678336
8679239
8679546
8679924
8680369
8681311
8682501
8683511
8684951
8685768
8685944
8686215
8687431
8687508
8692938
8693639
8694963
8695835
8697607
8697880
8698501
8699066
8699106
8700399
8700548
8701315
8701588
8703723
8703827
8704732
8704857
8707002
8707631
8709445
8709863
8710259
8710358
8710410
8710577
8710871
8710994
8712671
8714673
8718409
8719380
8719489
8720604
8721227
8723897
8724005
8724097
8724365
8724716
8725088
8725615
8725998
8727371
8727513
8727805
8729065
8729455
8729600
8731492
8732201
8732507
8732728
8733443
8734323
8735035
8736222
8736623
8736789
8737012
8738056
8740623
8740813
8740936
8741246
8746408
8747096
8747600
8748061
8748230
8749243
8750237
8750561
8750767
8750889
8750924
8751381
8751388
8751657
8754048
8754340
8755507
8755842
8755949
8756076
8757974
8758021
8758321
8758330
8759333
8759480
8760717
8761178
8762242
8762370
8762976
8763486
8763621
8763801
8763856
8764882
8766441
8766525
8766877
8766925
8767316
8770570
8770931
8771220
8771344
8771581
8772497
8772702
8773782
8777066
8777512
8778634
8778760
8779100
8779413
8780167
8781900
8782753
8785052
8787272
8788855
8789372
8790697
8791224
8791503
8791947
8793465
8793737
8795341
8796225
8800544
8800917
8801742
8801991
8804133
8804585
8805483
8806522
8807168
8807414
8808907
8810047
8810859
8810900
8811836
8813174
8813364
8814396
8817494
8818443
8818833
8818849
8819452
8819872
8819993
8820170
8822186
8823797
8824070
8824618
8825672
8826050
8827181
8827212
8829064
8829414
8829835
8831085
8834235
8834391
8834558
8836458
8837112
8838300
8838309
8839102
8840198
8842545
8842761
8843359
8844367
8844614
8845900
8846305
8846953
8847771
8847846
8850960
8851245
8852671
8853420
8853470
8853612
8855258
8855878
8856375
8856967
8857440
8858602
8859839
8860359
8862092
8867276
8868338
8872078
8872092
8872996
8875487
8876661
8878239
8878292
8878613
8879137
8879185
8880372
8880696
8881362
8881916
8882782
8882807
8884098
8886893
8887231
8888684
8888786
8888789
8889217
8889226
8889272
8890312
8890680
8891235
8891405
8898093
8898400
8898403
8898884
8900204
8901870
8901941
8903755
8907396
8909748
8909954
8910060
8910278
8910434
8912435
8913677
8914145
8915300
8916105
8919159
8919645
8919755
8922872
8923610
8923876
8923970
8924570
8926428
8927521
8929953
8932309
8933185
8933236
8934602
8934691
8934694
8935077
8938647
8939524
8940505
8940579
8941415
8942468
8943393
8943715
8944306
8944720
8946482
8946864
8947587
8947720
8948051
8950661
8951860
8952178
8952626
8954705
8955250
8956220
8956540
8956937
8958707
8961628
8961775
8963522
8964419
8964440
8964452
8967644
8967896
8968234
8968986
8969361
8969362
8969942
8972318
8972682
8972934
8973276
8973387
8973624
8974770
8975140
8977632
8979160
8979420
8979568
8980976
8981167
8981850
8982152
8982686
8982872
8983855
8984895
8985560
8985700
8986118
8987817
8989466
8989787
8991175
8993276
8993381
8993589
8993644
8995161
8997238
8997294
8998414
8999874
8999889
9000504
9001493
9001705
9003598
9003664
9006073
9007630
9007759
9008564
9009790
9010663
9011000
9012625
9012701
9013050
9013951
9016314
9016911
9016917
9019357
9021261
9021712
9023824
9025624
9027868
9028055
9028726
9029226
9029605
9029623
9029684
9029712
9030222
9032191
9032883
9032943
9033075
9033172
9033759
9034567
9036297
9037317
9038265
9042746
9044243
9045080
9045980
9046115
9046181
9047446
9048245
9050353
9051545
9052172
9052584
9054298
9054838
9055006
9055439
9055950
9056064
9056249
9056608
9059007
9060901
9061930
9062594
9063150
9064755
9065621
9066081
9066175
9066452
9070632
9070678
9073373
9074101
9077087
9079029
9080785
9081980
9083432
9084512
9085247
9085944
9088940
9091280
9094073
9094420
9095332
9095539
9098692
9099294
9099383
9100859
9101886
9106388
9106770
9106937
9107767
9108309
9108623
9108772
9109200
9109236
9109379
9109621
9110315
9114178
9115135
9115461
9117570
9118110
9119964
9120118
9120626
9120874
9121986
9124194
9125189
9125772
9127349
9127649
9127928
9129679
9132628
9133041
9134182
9134843
9134869
9135004
9136185
9136191
9138161
9138740
9142448
9143084
9143896
9144295
9144760
9145235
9146088
9148227
9148900
9149823
9150169
9151118
9151167
9151801
9151844
9153587
9153599
9154017
9155379
9156267
9158297
9158956
9159045
9159443
9159794
9160631
9163493
9163686
9164027
9164393
9164482
9168606
9169136
9170613
9171415
9171665
9171887
9171920
9173685
9174496
9175035
9178011
9178584
9178654
9180519
9181161
9183824
9183946
9184403
9185831
9186064
9189066
9189422
9189483
9192202
9192870
9193101
9193370
9193636
9194286
9195337
9195586
9198132
9199232
9199478
9200223
9201212
9202572
9202696
9204720
9206263
9206798
9207060
9207240
9207741
9208698
9213161
9213832
9214885
9215587
9216380
9218228
9219075
9220072
9220751
9220903
9222013
9222411
9223641
9224159
9224879
9226168
9228802
9230082
9234377
9234517
9235433
9237503
9238094
9238321
9238762
9238804
9238868
9239439
9240769
9242702
9243051
9243521
9243691
9243959
9244107
9245665
9246331
9248876
9250916
9253614
9254133
9255911
9255920
9256033
9256160
9256391
9257151
9257741
9258090
9259228
9260845
9261574
9261789
9262067
9263375
9264430
9264462
9265454
9265547
9266034
9266806
9267143
9268283
9269376
9269452
9269986
9270566
9272825
9273126
9275077
9275360
9275690
9278074
9278166
9280453
9280488
9282577
9283381
9284024
9286007
9286255
9287345
9287372
9288752
9288919
9289583
9289787
9290333
9290611
9290707
9290720
9291027
9293828
9294640
9295349
9295963
9296999
9297790
9298679
9298973
9299692
9301576
9302071
9302535
9305096
9305332
9305364
9305510
9305605
9305956
9306686
9306733
9306740
9307111
9308822
9309161
9310024
9310203
9310484
9310581
9310879
9311138
9312506
9313365
9313990
9314071
9314126
9314283
9314459
9315683
9316370
9317385
9318391
9319518
9320766
9322238
9322677
9323451
9323795
9324987
9325055
9326885
9327508
9327574
9328407
9329087
9330119
9330692
9331026
9334419
9334658
9335514
9335707
9336034
9338120
9339296
9340604
9341902
9342205
9342263
9345092
9346828
9346971
9347438
9347870
9348395
9348510
9350461
9350527
9351495
9352214
9352533
9353939
9354246
9354580
9354638
9357985
9363921
9364016
9364732
9364837
9364914
9365146
9365324
9366326
9367362
9367725
9368844
9369140
9370900
9371178
9372228
9372883
9373849
9376114
9376396
9378188
9378393
9378605
9380123
9381472
9381990
9383552
9385205
9385232
9386256
9387226
9387720
9387990
9388636
9391002
9391030
9391474
9392374
9392957
9393459
9393565
9393625
9396911
9397310
9398365
9398657
9401212
9401468
9402441
9403123
9403223
9403409
9405992
9406711
9407316
9408280
9408433
9409992
9412425
9413194
9413844
9414557
9414790
9415345
9415722
9416877
9417012
9418034
9420152
9420216
9420370
9420899
9422153
9422320
9422329
9422983
9423983
9425596
9426445
9427117
9427687
9429696
9431568
9432870
9433089
9434845
9435766
9435877
9436437
9436952
9437785
9438031
9439418
9440655
9440979
9442122
9442865
9442945
9442980
9443255
9444471
9448159
9448572
9449168
9449780
9450199
9453948
9455465
9456600
9459616
9460650
9460853
9461567
9462020
9463379
9464767
9465240
9465306
9466945
9469010
9470561
9471473
9472779
9474064
9474701
9474728
9475421
9475639
9475934
9476388
9476440
9477722
9478005
9479196
9479441
9479719
9480489
9480650
9480804
9481380
9481632
9482553
9485836
9487148
9487204
9489210
9489903
9490687
9491229
9492709
9493147
9493805
9494979
9495250
9497322
9498438
9498951
9501110
9501216
9504319
9505058
9505208
9505617
9506392
9506456
9506532
9507183
9508508
9509269
9509596
9509819
9509939
9511583
9512095
9512165
9513898
9513932
9514092
9514922
9515603
9516094
9518946
9520032
9520272
9521399
9523419
9525351
9525875
9529154
9529341
9529789
9530627
9532421
9533840
9534486
9534808
9535892
9535991
9537330
9538158
9541172
9541452
9541494
9541498
9541550
9542816
9543029
9543131
9545258
9546001
9546564
9547583
9548262
9548498
9550017
9550441
9550455
9551621
9552218
9552851
9553889
9554223
9554296
9554818
9555498
9555896
9556673
9557057
9558879
9559282
9562072
9564929
9565825
9565847
9566797
9567780
9568041
9571040
9571681
9572957
9574616
9574679
9575969
9577463
9577949
9578905
9579300
9579418
9580367
9580397
9580899
9581171
9581271
9582029
9582040
9582666
9582774
9583493
9583818
9585348
9586716
9587002
9589848
9590309
9591261
9593308
9594119
9595114
9595651
9595800
9595989
9598809
9599154
9600059
9601431
9601518
9602090
9602571
9604102
9604923
9605742
9606687
9608660
9609436
9609928
9610024
9610180
9611243
9611923
9613595
9613716
9614584
9615463
9616162
9616469
9617774
9618314
9618593
9618879
9619483
9620038
9622264
9622334
9622401
9622902
9623366
9623713
9623770
9623964
9625345
9625397
9625406
9626210
9626778
9628003
9628155
9628770
9630162
9630332
9630517
9634090
9634136
9634156
9634160
9635226
9636089
9639763
9640930
9642159
9642732
9643976
9644628
9647349
9647989
9648097
9648262
9649374
9649700
9651219
9653759
9653850
9654587
9654695
9654696
9655037
9655308
9655496
9656031
9656193
9656661
9656792
9657265
9658546
9662905
9664283
9666971
9668421
9669200
9669670
9669777
9670597
9670757
9672928
9673807
9674646
9675958
9676096
9676313
9676327
9677203
9677431
9677828
9678832
9680062
9680549
9682927
9683844
9683920
9684902
9686979
9687108
9687407
9687542
9688982
9689513
9689867
9690188
9690258
9690350
9691443
9692451
9693731
9695067
9695861
9697995
9699234
9699306
9700105
9700950
9701339
9703574
9710591
9712237
9712761
9712952
9713286
9713387
9713394
9713556
9713666
9714514
9714772
9715379
9717467
9717546
9717582
9717641
9720015
9720871
9721054
9722889
9724133
9724500
9727382
9729174
9729814
9729815
9730340
9731486
9731679
9731957
9731995
9732843
9733075
9733179
9733443
9735060
9735839
9736109
9737486
9738929
9740142
9740393
9741515
9741680
9742451
9742582
9744083
9744646
9745171
9745324
9745770
9747003
9747388
9748090
9749637
9750035
9750166
9752176
9752379
9753580
9755323
9755558
9757475
9757731
9759345
9760607
9762706
9764070
9764665
9764915
9765391
9766094
9766374
9767268
9775035
9777317
9777801
9777887
9778872
9778882
9780065
9780268
9784033
9784895
9784976
9786191
9786781
9787477
9788553
9788588
9789166
9791420
9792568
9793091
9793377
9793820
9793958
9795978
9796543
9797645
9798198
9798515
9799671
9799814
9800629
9801644
9801713
9803007
9803050
9803839
9804511
9805342
9805363
9805465
9805504
9806179
9806728
9810454
9811400
9812302
9813656
9813705
9814160
9814516
9815370
9819326
9819797
9822093
9822920
9823583
9823602
9823823
9824436
9825066
9827440
9827861
9827929
9828768
9829655
9830211
9830489
9831387
9831524
9832344
9832394
9833032
9833041
9833480
9833547
9834620
9835048
9837769
9838171
9839717
9839962
9840450
9841015
9842091
9842260
9843175
9843191
9844018
9844802
9844857
9845527
9846301
9850181
9852110
9854171
9855261
9856067
9859626
9859642
9860206
9862310
9862950
9863380
9863831
9864728
9866696
9867007
9867056
9867435
9867768
9869470
9870858
9871009
9873149
9874088
9874825
9875323
9877364
9877599
9877950
9878676
9878704
9880794
9880934
9881847
9883428
9886127
9887172
9887393
9888391
9888565
9888730
9889147
9889827
9890407
9891052
9893021
9894203
9897051
9898942
9899769
9901232
9901839
9902144
9903348
9907285
9908996
9909085
9909634
9910496
9911538
9913172
9913931
9914435
9914556
9915639
9918125
9919573
9919908
9920077
9920398
9921352
9923287
9923940
9924903
9925261
9925513
9925873
9927969
9929474
9930138
9932559
9933925
9937407
9939487
9940009
9940122
9941268
9942357
9942570
9944730
9945104
9945285
9945498
9945942
9946008
9946137
9946407
9946697
9949260
9951476
9951821
9951909
9952917
9953032
9954673
9956790
9956892
9957699
9959272
9960698
9963078
9964841
9965001
9965197
9966012
9966316
9967657
9968505
9969470
9969752
9970951
9971925
9972823
9973222
9973842
9974781
9974802
9975677
9976536
9977081
9977305
9977602
9977707
9978381
9978481
9978785
9979640
9979835
9980467
9981151
9981337
9982233
9982335
9982676
9983091
9983673
9984718
9985400
9986093
9986546
9987218
9989151
9990219
9992111
9992168
9992884
9994441
9996700
9996771
9997478
9999497
