1000558
1006239
1026658
1030297
1037242
1052327
1061300
1061363
1131664
1156120
1171124
1174624
1192185
1214253
1222751
1232443
1232999
1243688
1259596
1270127
1278452
1283190
1284554
1288109
1297484
1304714
1326986
1338917
1349414
1357105
1390293
1391491
1401707
1405245
1407886
1441972
1455181
1475031
1479305
1485433
1488340
1488406
1492062
1507171
1513894
1527167
1529434
1531949
1547980
1556448
1576662
1580950
1585701
1592061
1592097
1606821
1614980
1642389
1676817
1680792
1683276
1686962
1693285
1704424
1718779
1738053
1746944
1760369
1771998
1773361
1774597
1800929
1801614
1809686
1817872
1820848
1843836
1857441
1860774
1874529
1885943
1896286
1918474
1921065
1942852
1957655
1975740
1980381
1980995
1982683
1983780
1988502
1990870
1991412
2001586
2026366
2036731
2039815
2044643
2058309
2073258
2085251
2101032
2101512
2104653
2106904
2112494
2115064
2117311
2119151
2149200
2149838
2156139
2195380
2204518
2205512
2206728
2222609
2225244
2232742
2233774
2239057
2254174
2256921
2292998
2299408
2309776
2313652
2316886
2336284
2339196
2349544
2356069
2364285
2364763
2367211
2370487
2397945
2407050
2407638
2412432
2416492
2417655
2423684
2436123
2436466
2437883
2454636
2492367
2493154
2499531
2527413
2530761
2543812
2545779
2547779
2576517
2583190
2610925
2634472
2643610
2645698
2698264
2716006
2717614
2731432
2753441
2754537
2758917
2760645
2763437
2779992
2783327
2796811
2817434
2831563
2840846
2844812
2850158
2866192
2867593
2873296
2920144
2927427
2940539
2957748
2966599
2978889
2994304
2997588
3002115
3007897
3017101
3021961
3067225
3074500
3080846
3088031
3093972
3097312
3109616
3119362
3120302
3124708
3124732
3125680
3129395
3140671
3142645
3148738
3151385
3156634
3163838
3174886
3187309
3201830
3206521
3209533
3212422
3215788
3220566
3242808
3243131
3290567
3294164
3294833
3297864
3301998
3310973
3329916
3336177
3340208
3354805
3358486
3360977
3375084
3382389
3400143
3400648
3401575
3416407
3416467
3451513
3467646
3468122
3468324
3479239
3484937
3489328
3489796
3502020
3507973
3525301
3540166
3547141
3559169
3562110
3569921
3570308
3572578
3575681
3580012
3580614
3615351
3615656
3645539
3646922
3651091
3660230
3662293
3665438
3666820
3678164
3699930
3699938
3713858
3716559
3719157
3721524
3728065
3736611
3737422
3741746
3748595
3756793
3759799
3772197
3779784
3795668
3804916
3806602
3818248
3819049
3821172
3832151
3857938
3876194
3880722
3898683
3899023
3900855
3908271
3912229
3923964
3932450
3939747
3943789
3946314
3950779
3958376
3975376
3994992
3998842
4009772
4028373
4046489
4052628
4055360
4058416
4072644
4073553
4075703
4079172
4095864
4122542
4122646
4143844
4150286
4153280
4155200
4175674
4181065
4192636
4199232
4212075
4224612
4235918
4238041
4259117
4260175
4280081
4281166
4282860
4296108
4308389
4331722
4339837
4340070
4353226
4363325
4366146
4382530
4383395
4411448
4425290
4429094
4435093
4435652
4456467
4457321
4457709
4458760
4459389
4459838
4474016
4480372
4485035
4490733
4493858
4497030
4498832
4499674
4505255
4508268
4520981
4523355
4524734
4527558
4528906
4529300
4531928
4541687
4544037
4545872
4548684
4553919
4565498
4577534
4584865
4590230
4606757
4613478
4626060
4635972
4652612
4655158
4668750
4675895
4677363
4677445
4678441
4684259
4695849
4705949
4706065
4714097
4718497
4727721
4739991
4742508
4756349
4764150
4777724
4778557
4779249
4785144
4787396
4794611
4799786
4809123
4822947
4829149
4834031
4837595
4844455
4849298
4861413
4875597
4893869
4896702
4898793
4915297
4923802
4925335
4933834
4939473
4948360
4985548
4988931
4994107
5000951
5002132
5005983
5010743
5012550
5013070
5022400
5046630
5058021
5062413
5066465
5070187
5077468
5077626
5100761
5106807
5110144
5140359
5157902
5159868
5166207
5178131
5183483
5183708
5185696
5186245
5187587
5187942
5191565
5204332
5205439
5214259
5218037
5221502
5223847
5228609
5240196
5241078
5244918
5251000
5251774
5251970
5257907
5268176
5287561
5289634
5291285
5298361
5300680
5301261
5301985
5305184
5320139
5325704
5349443
5351350
5352670
5356083
5362896
5372103
5388507
5392991
5393687
5394106
5396422
5405448
5414056
5417928
5418047
5428522
5441550
5444459
5444967
5447753
5448094
5448905
5450470
5475280
5487129
5506592
5549585
5561999
5572909
5584249
5595444
5598909
5602522
5650271
5656889
5657558
5660314
5682010
5693853
5697793
5704012
5718313
5734131
5742327
5755045
5764593
5766761
5766822
5768397
5771563
5784790
5789558
5832186
5843018
5843336
5846329
5848861
5852001
5852027
5855029
5855340
5855556
5869395
5876589
5888501
5897915
5911986
5913366
5916911
5917664
5921184
5927690
5948762
5951357
5964180
5977972
5986569
6005611
6015048
6015066
6015939
6022667
6027435
6031746
6038570
6052658
6060004
6068236
6075829
6102150
6128826
6129448
6135536
6140066
6141227
6164312
6170645
6170808
6177408
6187489
6191650
6197657
6227060
6237911
6254894
6261992
6266107
6273913
6274856
6290699
6298541
6299514
6301568
6305572
6314273
6316782
6319962
6319994
6324157
6334206
6337663
6351530
6359523
6382425
6391064
6391238
6415519
6416496
6424263
6433388
6438202
6451416
6451495
6451858
6458153
6461049
6469850
6473974
6476470
6483610
6487733
6497465
6499120
6512327
6517535
6539386
6546369
6555389
6558566
6579765
6584251
6600128
6600900
6601047
6622866
6639518
6646501
6652366
6664292
6670176
6693355
6713988
6725035
6725092
6726820
6731643
6732021
6737624
6763447
6766604
6780687
6782525
6791830
6798218
6819556
6826797
6832299
6833554
6854283
6858913
6869291
6890770
6897776
6914338
6922268
6942663
6966438
6971857
6978948
6988039
7001314
7010474
7012578
7018571
7018807
7028773
7061781
7064252
7064605
7065312
7101985
7107212
7114093
7118932
7125129
7135417
7153683
7158203
7158666
7159110
7192260
7192966
7195287
7195981
7205877
7227359
7230696
7240814
7248169
7251026
7260616
7264034
7264941
7266949
7270351
7273147
7285867
7300831
7306879
7314128
7368653
7368738
7372656
7378169
7389824
7390028
7414328
7428953
7434672
7437417
7464217
7466856
7472520
7541892
7543825
7545325
7546002
7555207
7572244
7575253
7575995
7593062
7609090
7623335
7654736
7655342
7661643
7664232
7664652
7674069
7695426
7699431
7700926
7720531
7729110
7750445
7752680
7753163
7766818
7790656
7804706
7804895
7815121
7822796
7834918
7843364
7854581
7869801
7943437
7953484
7953882
7972277
7974077
7977472
7985067
7992874
7994313
7999873
8016805
8017854
8023374
8046926
8065403
8072945
8093692
8094728
8096347
8103025
8118713
8128487
8129644
8147085
8167722
8177314
8182656
8187484
8202144
8202534
8202671
8220863
8238674
8245675
8249710
8272465
8272612
8292658
8316200
8319614
8320968
8322550
8323890
8325389
8326933
8327103
8330170
8338385
8345075
8346715
8352356
8363261
8363493
8426389
8429613
8433604
8438959
8439429
8442470
8457934
8463534
8473721
8482247
8482408
8490907
8495077
8517670
8520521
8523103
8527050
8555729
8560855
8567270
8572417
8596041
8620430
8622750
8629821
8631532
8633570
8665330
8671544
8674048
8677583
8701243
8703333
8707794
8717034
8722371
8726584
8726863
8730105
8749125
8759128
8783947
8784366
8784940
8799469
8807497
8808009
8818737
8833654
8836053
8859330
8865952
8881451
8893656
8896994
8909080
8909714
8911548
8922931
8936263
8938276
8954971
8957754
8965602
8969933
8977560
8995613
9004160
9013782
9015663
9022613
9031406
9052603
9063879
9090507
9093256
9098431
9107821
9114594
9119599
9136558
9141174
9161202
9162502
9172200
9193054
9195854
9198847
9204611
9210493
9240996
9242119
9242602
9245079
9245300
9251533
9253237
9254797
9262436
9265496
9272602
9276110
9286454
9301199
9317458
9323478
9355730
9355932
9362154
9362178
9364101
9368860
9371497
9376891
9384432
9393175
9393271
9393913
9415529
9417732
9424663
9440109
9441480
9449502
9451505
9451999
9495162
9501809
9504853
9511279
9519317
9519945
9521040
9528160
9529408
9560071
9560525
9563131
9577860
9598652
9602309
9603642
9608460
9615139
9672469
9674020
9698685
9705126
9710794
9713231
9722779
9728144
9729141
9737417
9742655
9750511
9758515
9766674
9773412
9778373
9814512
9830967
9847428
9854464
9861519
9883313
9883672
9889123
9897196
9917018
9920986
9970450
9982104
9990272
9992579
