1048628
1056924
1073286
1133785
1176632
1297254
1300526
1312895
1478057
1513867
1517316
1624595
1711555
1817763
1878938
1941453
1964189
2196910
2268575
2389659
2401698
2424700
2497187
2539651
2551163
2613473
2683131
2778608
2817569
2859718
2872747
2941630
3021304
3078038
3156881
3263459
3438023
3473128
3518319
3574764
3787372
3861838
3898432
3940424
4198758
4218353
4354425
4389948
4819245
5049666
5197252
5259494
5571529
5694885
5760243
5760703
5799703
5813344
5871587
5884779
5898637
5952542
6070783
6074820
6147199
6470200
6521513
6967652
7072151
7152971
7194894
7308746
7311399
7536632
7560565
7881680
7941155
8030854
8060885
8084397
8111024
8238689
8359022
8432735
8609029
8653230
8741425
9009330
9032871
9118691
9340575
9388728
9420158
9537663
9645231
9662566
9699164
9753310
9834575
9887586
