1001713
1023460
1031225
1037395
1045368
1049284
1062498
1065841
1087874
1104302
1110638
1119182
1124430
1133615
1136465
1144331
1148630
1151128
1155982
1168378
1175119
1196414
1201193
1212741
1213241
1218840
1225728
1235431
1237299
1242070
1251943
1253261
1263333
1272293
1273521
1297742
1298152
1305077
1308420
1310862
1316731
1318427
1328048
1332171
1338503
1340936
1356450
1361189
1362079
1377744
1398124
1399511
1406860
1420010
1422774
1425377
1431169
1436967
1448894
1452399
1454945
1468169
1470212
1478641
1483917
1484074
1484605
1489180
1504165
1509512
1511471
1513329
1551948
1557784
1558962
1567566
1574394
1578745
1583424
1585573
1587864
1598486
1609710
1613411
1616085
1621430
1626306
1628662
1630850
1638915
1639280
1648104
1671733
1671964
1677177
1688531
1688782
1694732
1696582
1709034
1719203
1726282
1739009
1744797
1765169
1765611
1777825
1801291
1803848
1814841
1826316
1828306
1831164
1858618
1872974
1875155
1875390
1876266
1888937
1906651
1922097
1922749
1955018
1964408
1966157
1966753
1971160
1972722
1984585
1995264
2007537
2013123
2021157
2035697
2046696
2052063
2059611
2060914
2066585
2078636
2095209
2103106
2114576
2116025
2128601
2135298
2158917
2170586
2173903
2180842
2202804
2213479
2216401
2219564
2232750
2239636
2266692
2272340
2279916
2284269
2286021
2286647
2298930
2306970
2315932
2326364
2338494
2338514
2346832
2351615
2374576
2383815
2386533
2400447
2412727
2417717
2437654
2441097
2448173
2470852
2472049
2481237
2482318
2482505
2486532
2496456
2501037
2502766
2513271
2514072
2514417
2539111
2548577
2566283
2583187
2586714
2590755
2606521
2611180
2612753
2625160
2627086
2635876
2636153
2663919
2670055
2697923
2699515
2714399
2728173
2728538
2745532
2746251
2752206
2756618
2766654
2781751
2787016
2808672
2844018
2849423
2852112
2878577
2883436
2902598
2908727
2911955
2914011
2949473
2952174
2976385
2981548
2984194
2985899
2987078
3002075
3018269
3018580
3021984
3030384
3034883
3045783
3072989
3073337
3078396
3078552
3080798
3090443
3095684
3118209
3121263
3132389
3140409
3141339
3144796
3160403
3169556
3176669
3177616
3190384
3191145
3197014
3211221
3227213
3240519
3261768
3275999
3279941
3292938
3302158
3302251
3308115
3311176
3313001
3318976
3338042
3355227
3357138
3359295
3363247
3368698
3372820
3375777
3383781
3399874
3414665
3415174
3416139
3420046
3457096
3458293
3474719
3492832
3496710
3521487
3527256
3533783
3537699
3545656
3566215
3581188
3583869
3584489
3590797
3616903
3618620
3623397
3625090
3626806
3634299
3645419
3657843
3677762
3681511
3698057
3714337
3719049
3725546
3728452
3731783
3743350
3760530
3763506
3766851
3786889
3795363
3796030
3798795
3803601
3824499
3827558
3840319
3852711
3853735
3871351
3873791
3879655
3900652
3900932
3914563
3916693
3918045
3918778
3925262
3926462
3929029
3929299
3930619
3959339
3968963
3979075
4015098
4033820
4036965
4043516
4062922
4071725
4093366
4095251
4108515
4118104
4119379
4124624
4130236
4133125
4133782
4134117
4136736
4140992
4161331
4170318
4172382
4174026
4179800
4182580
4197789
4202293
4209961
4211186
4220071
4230127
4230493
4241417
4264151
4268158
4271379
4276573
4279541
4283379
4285654
4289852
4291116
4292919
4317277
4321956
4350447
4357412
4372760
4381833
4384380
4388151
4407733
4425887
4426412
4426483
4429451
4454624
4502112
4518869
4522746
4541024
4553326
4556485
4570456
4572587
4574145
4576099
4599389
4611015
4632296
4637003
4641915
4649268
4656308
4687142
4690491
4691593
4692351
4695398
4722161
4731955
4744355
4748428
4758560
4772314
4784408
4786358
4795030
4817308
4822408
4835103
4845288
4860466
4870063
4898395
4902887
4911581
4935498
4960779
4969029
4989459
5016657
5026384
5032812
5045523
5045878
5054420
5056504
5058438
5079959
5094191
5096959
5139907
5140064
5142460
5146133
5159636
5162574
5164549
5165938
5166957
5169559
5173276
5173424
5186030
5188667
5218274
5233517
5237671
5240858
5243143
5263132
5268753
5274666
5284459
5290170
5295013
5300249
5301403
5304279
5306242
5313210
5331515
5340090
5344402
5349440
5384994
5394932
5433101
5450978
5456772
5475203
5475413
5481196
5485228
5500470
5502291
5504888
5506337
5517590
5523975
5524690
5533848
5541695
5560690
5561401
5564563
5575629
5582873
5596926
5597106
5602509
5617533
5623923
5639386
5651414
5661936
5662440
5670512
5670679
5675890
5676682
5676905
5685154
5686983
5690159
5713838
5724725
5725589
5730328
5738608
5741519
5756375
5777489
5785113
5791818
5811001
5852115
5854288
5862135
5863237
5872400
5874469
5885299
5886397
5888500
5895828
5896557
5906372
5911071
5940691
5978917
5979991
6006066
6017077
6019039
6020940
6026190
6027582
6029840
6040032
6040124
6063443
6081733
6089483
6094515
6100917
6116609
6124611
6125625
6129963
6171020
6194136
6204608
6214150
6218064
6225861
6232315
6240830
6243367
6244181
6255970
6262391
6263737
6304577
6317656
6319854
6323662
6328298
6331631
6340356
6343783
6347849
6348259
6362173
6380841
6386474
6423728
6457125
6460916
6467852
6499237
6514680
6515674
6538440
6546466
6562188
6562869
6563448
6579406
6614372
6618592
6623055
6636238
6641612
6642644
6657393
6657976
6660296
6671390
6702445
6708145
6716901
6722459
6732311
6735699
6741900
6742648
6743820
6745962
6775231
6784122
6795124
6800347
6810289
6829217
6845400
6889322
6904264
6920186
6930441
6943712
6947669
6949848
6950024
6957509
6957513
6958426
6959498
6965465
6967067
6995074
6998687
7007434
7009790
7012110
7015922
7017632
7019587
7035731
7041825
7072788
7096308
7096673
7098705
7104605
7108504
7114557
7115430
7115941
7119124
7175505
7185937
7199737
7209404
7220636
7236726
7248281
7249288
7262127
7276390
7291617
7297421
7309759
7314494
7321799
7338255
7346948
7367809
7370715
7372332
7382557
7387560
7390450
7392500
7394841
7408410
7410545
7448047
7448851
7453727
7456545
7470113
7492032
7499457
7500091
7510314
7525685
7527543
7527672
7528173
7547279
7551461
7552626
7573659
7574388
7581448
7587453
7595151
7596495
7600507
7605500
7615230
7616976
7617325
7627028
7638264
7652543
7660839
7661729
7669567
7676066
7703715
7727593
7733117
7750386
7755906
7758901
7771792
7774375
7779223
7779783
7779986
7791233
7802012
7805807
7833442
7847884
7854694
7862006
7866637
7868457
7877385
7890378
7894446
7894948
7901364
7907143
7909027
7909639
7911029
7917461
7928751
7930360
7933260
7935002
7946252
7951979
7953412
7954983
7956909
7957917
7960781
7961075
7962999
7976844
7981488
7987404
8001224
8007570
8009509
8013621
8015297
8054375
8065542
8071427
8072815
8074306
8082427
8112338
8133639
8134622
8140055
8143121
8152941
8164204
8165577
8169213
8175991
8198967
8202561
8222876
8228686
8232608
8237337
8284546
8310518
8323780
8333301
8335527
8340446
8341775
8345479
8349181
8349562
8349959
8372551
8382778
8383270
8399514
8406539
8410774
8411087
8420527
8426113
8437134
8440140
8460982
8464829
8485068
8498547
8507362
8522492
8523726
8533227
8544866
8557698
8560144
8560917
8562101
8589618
8600326
8604696
8607253
8608789
8626310
8632226
8633203
8633399
8642205
8653668
8665106
8666898
8668885
8670735
8672377
8675322
8678080
8679025
8679705
8684215
8708128
8744274
8744564
8755472
8757382
8757498
8773535
8825782
8828546
8842095
8847754
8882047
8888367
8899687
8904874
8909550
8920583
8932960
8947563
8954806
8967781
8977952
8989383
8999986
9022835
9024071
9024367
9028123
9039165
9043926
9050503
9069700
9083392
9084814
9089300
9092273
9093888
9094035
9112233
9119904
9143541
9146522
9147585
9169271
9191436
9201106
9213469
9217764
9220083
9222241
9230401
9232436
9244397
9255676
9267265
9268269
9277690
9279879
9285760
9286260
9291752
9298593
9304760
9313378
9315649
9326070
9365240
9365601
9372537
9377881
9400309
9410119
9411335
9440562
9451620
9455605
9457458
9458768
9459843
9466347
9482870
9486686
9499646
9507811
9526826
9542822
9556281
9586230
9591104
9599090
9600465
9613154
9615627
9635471
9643083
9651642
9651874
9675572
9675896
9681648
9688902
9697679
9734492
9754015
9770666
9775567
9784579
9812282
9819295
9832262
9842918
9860338
9871824
9883287
9897759
9903615
9911505
9913640
9918480
9920058
9932451
9934166
9938310
9948930
9952424
9972599
9973079
9973684
9988651
