1000095
1000351
1000517
1001470
1002558
1002614
1002747
1004274
1004477
1005182
1006280
1006696
1006759
1007416
1008043
1008460
1008873
1009231
1009496
1009888
1010276
1012066
1012662
1013780
1014237
1015768
1016672
1016763
1017189
1017870
1017940
1019114
1020418
1021462
1023775
1023904
1025526
1025820
1026678
1026892
1028667
1029304
1029443
1030349
1031089
1031101
1032192
1032478
1033515
1034457
1034704
1034988
1035131
1035323
1035520
1035599
1037249
1039668
1041422
1042950
1043544
1043643
1046014
1046119
1046363
1048133
1048883
1049453
1050742
1051640
1052367
1053005
1053842
1053862
1055266
1056639
1059747
1060728
1061796
1063074
1063201
1064112
1065586
1066021
1066137
1067264
1067616
1069188
1069608
1069904
1071438
1071544
1071599
1073685
1073854
1074894
1075402
1075628
1076102
1078133
1078549
1078730
1082371
1082465
1082918
1084477
1085334
1086007
1087229
1088993
1090559
1090744
1091486
1092237
1092683
1093708
1096152
1096851
1098758
1099273
1099392
1100026
1101731
1102861
1102914
1104321
1105128
1105195
1105918
1106292
1111176
1112009
1112453
1113073
1117558
1119623
1120892
1121548
1121869
1122020
1122896
1126328
1126373
1126759
1127767
1128294
1128632
1129684
1131033
1131325
1132197
1133102
1134358
1135314
1136683
1138138
1138814
1139337
1139390
1142676
1144313
1145197
1145219
1146785
1148173
1148565
1148753
1149195
1150006
1150790
1151232
1152310
1153108
1153633
1154120
1156520
1157054
1157705
1158793
1159234
1159715
1160515
1162416
1163081
1166435
1166658
1167747
1169553
1170613
1171864
1172169
1172720
1174477
1178163
1179598
1180626
1180936
1181724
1182376
1182800
1184962
1186214
1186596
1188666
1189119
1190854
1191889
1192816
1192833
1196065
1196101
1200269
1200338
1200619
1201665
1201775
1202449
1202493
1203355
1203369
1204880
1206867
1209117
1209366
1209513
1210631
1210745
1211879
1212014
1213811
1215208
1216231
1216650
1217064
1217839
1218132
1219060
1219349
1219668
1220697
1224619
1224644
1224765
1226474
1227534
1227756
1228701
1228975
1229033
1229150
1229185
1229981
1230631
1230839
1231038
1231092
1231307
1231726
1234826
1234827
1236029
1236785
1238470
1238766
1240628
1240816
1241037
1241388
1241739
1241958
1242085
1243789
1243977
1244138
1246002
1246306
1247335
1249749
1252976
1253830
1254023
1256085
1256275
1256555
1257653
1258197
1259561
1259664
1259785
1260412
1261805
1262145
1262397
1262714
1262751
1262860
1264048
1264272
1265247
1267025
1268244
1268395
1269121
1271754
1272465
1272790
1273059
1273655
1274805
1275764
1276513
1277807
1278292
1278617
1279198
1280365
1283360
1284418
1285357
1286172
1286229
1286654
1287016
1287893
1288869
1293017
1293248
1294647
1296087
1296263
1297365
1298284
1298564
1299690
1299781
1300440
1300458
1301641
1301645
1302072
1303448
1304044
1304065
1304820
1306913
1307190
1307695
1308519
1308527
1308686
1308998
1309552
1310735
1310805
1310962
1311316
1311419
1311607
1313333
1313746
1313859
1314005
1316002
1317572
1317668
1318224
1318626
1324617
1324692
1325127
1326792
1327018
1327485
1327599
1327837
1328039
1328640
1330588
1330662
1330857
1331256
1331382
1334222
1334560
1334721
1336165
1336727
1336965
1337476
1338359
1338830
1340164
1342556
1346262
1346696
1346742
1348285
1348516
1348730
1350672
1351691
1353521
1354319
1354796
1355940
1358552
1358901
1359039
1361008
1361072
1362708
1363417
1363840
1364563
1364976
1365095
1365604
1366057
1368004
1368261
1368397
1368501
1368521
1368795
1369744
1371035
1371434
1372766
1372827
1374577
1375182
1375477
1377523
1379803
1380374
1381948
1382024
1382716
1382743
1384365
1385049
1385630
1386520
1389507
1390119
1390356
1390507
1390616
1390852
1391757
1392033
1392470
1393694
1395074
1395123
1396374
1398067
1399184
1399797
1400925
1401015
1401751
1402088
1402148
1402736
1404345
1406670
1408978
1411315
1412368
1413469
1414298
1415419
1415434
1417382
1417731
1418867
1422144
1423681
1428638
1429738
1430646
1431809
1432065
1433423
1433552
1435697
1435952
1436771
1437116
1439034
1439706
1439949
1440430
1441396
1441506
1442099
1442218
1444473
1444506
1446169
1446211
1447234
1448971
1449742
1450988
1451401
1452023
1452212
1452623
1452632
1455463
1455680
1456281
1456444
1457096
1458197
1458261
1458303
1458474
1459121
1459335
1459699
1461623
1462496
1463070
1463397
1463624
1464933
1466739
1468104
1468109
1468483
1468622
1469976
1470751
1471596
1471761
1471836
1472716
1473009
1473774
1474240
1474471
1474665
1474893
1476087
1476546
1476653
1478119
1479080
1479639
1479691
1479696
1479871
1480166
1480844
1481506
1483936
1484165
1484916
1485029
1485538
1485920
1486017
1486483
1486903
1487144
1487995
1488694
1490713
1491130
1491796
1492854
1493029
1494109
1494894
1495074
1496670
1496823
1497844
1497960
1498062
1499257
1500415
1502117
1503919
1505191
1505281
1505581
1505865
1505954
1507792
1508082
1509956
1512629
1513004
1513791
1514221
1516066
1517129
1518283
1518835
1519035
1520524
1521141
1521709
1521805
1522116
1522469
1522788
1523551
1525757
1526883
1527768
1527916
1530314
1530970
1532405
1533250
1537015
1537348
1537776
1539157
1539303
1539430
1540328
1541259
1541426
1541797
1543872
1544209
1545347
1545381
1546862
1547612
1549808
1549823
1549962
1550244
1550796
1551836
1554018
1557597
1557772
1558018
1560483
1561203
1561841
1563303
1563505
1564146
1565181
1566448
1566477
1566846
1567195
1567413
1568307
1569200
1569565
1569771
1570419
1570434
1572203
1572245
1572465
1573926
1573945
1577021
1578452
1578908
1579561
1579887
1580095
1580838
1581206
1584308
1584444
1584496
1585460
1586560
1586841
1588615
1591591
1591659
1592994
1593026
1594576
1595797
1600420
1602624
1602862
1603543
1603989
1604356
1604849
1604997
1606660
1607214
1607765
1608146
1608836
1610430
1611039
1611345
1612275
1613106
1613613
1614415
1615312
1616402
1618389
1618707
1618786
1619340
1619941
1620342
1620786
1621972
1623254
1623674
1624209
1624266
1624711
1626368
1627369
1628795
1632018
1634148
1634878
1634961
1635159
1637586
1638171
1641941
1642769
1642907
1642931
1644081
1644218
1644635
1644956
1645003
1647050
1647313
1648448
1648515
1649271
1651204
1651710
1652866
1653172
1655441
1655879
1656980
1657335
1657528
1658158
1658570
1658612
1660091
1660717
1660997
1662586
1663413
1663714
1663976
1664375
1664483
1664496
1666188
1666231
1667077
1667909
1668632
1668733
1670158
1672462
1673268
1673771
1674275
1674374
1675079
1675565
1676183
1676255
1679059
1679406
1682110
1682491
1684719
1685187
1686525
1688933
1688982
1691648
1693623
1694462
1697398
1697455
1697793
1698036
1698187
1699272
1699364
1705542
1705923
1706782
1708000
1708339
1709015
1710572
1712183
1712503
1713127
1716123
1716606
1720190
1720493
1721857
1722028
1722066
1723102
1724503
1725298
1725341
1726003
1728215
1730162
1730993
1732998
1734262
1735357
1735900
1736731
1738381
1738804
1739176
1739535
1739735
1739803
1741011
1741596
1742645
1743535
1743673
1745862
1747228
1747853
1748471
1749117
1749225
1749845
1751405
1752429
1752457
1752628
1753043
1753150
1754326
1755704
1755789
1755928
1755967
1757308
1757968
1758669
1759992
1760482
1760505
1762487
1763012
1763915
1764983
1765708
1766194
1770084
1771847
1772083
1775841
1775854
1777427
1777690
1778822
1782268
1783425
1784852
1786172
1788348
1788523
1791034
1791199
1793745
1794814
1795328
1795430
1796490
1797286
1797691
1799101
1800159
1801341
1802162
1805121
1805129
1805894
1806569
1807110
1808866
1809674
1809919
1810361
1810741
1811183
1811420
1814029
1814565
1814583
1815028
1815296
1815769
1816617
1818318
1820012
1820848
1820863
1821622
1822991
1823316
1823831
1826234
1826270
1826681
1827092
1827274
1827785
1828038
1828086
1829444
1830432
1830455
1833120
1835168
1835197
1835258
1837600
1840705
1841028
1842578
1846549
1848433
1848674
1850391
1850449
1851119
1853530
1854212
1854242
1855008
1855015
1855086
1857601
1859558
1859563
1860250
1860329
1860796
1862147
1863421
1865316
1866035
1866490
1867144
1867232
1869118
1869428
1869842
1871716
1872216
1872601
1872663
1872892
1873835
1873903
1874024
1874352
1874756
1878749
1878762
1880249
1881045
1882821
1884305
1884757
1885999
1887205
1887233
1887355
1889256
1890839
1891016
1891196
1891415
1891622
1892440
1892846
1892905
1893833
1894280
1894561
1896606
1897528
1898350
1898430
1898768
1900967
1902107
1902120
1903772
1904262
1905535
1906226
1907014
1907959
1908712
1908749
1909585
1909772
1910810
1911178
1911404
1913449
1914920
1916454
1917556
1917675
1918136
1918225
1919175
1920805
1921281
1921668
1922422
1923459
1925528
1925540
1926185
1926365
1926530
1926812
1926882
1927617
1930912
1931429
1931649
1932339
1934062
1934289
1935916
1936334
1936494
1936909
1939923
1942389
1942897
1943237
1944404
1944566
1944908
1945621
1945809
1947068
1947213
1948322
1949375
1949603
1952379
1952517
1954636
1955433
1955776
1956991
1960127
1960975
1963517
1963793
1965773
1966334
1966483
1966803
1967362
1970054
1971093
1973528
1974658
1975149
1976401
1977123
1977487
1978580
1979211
1979281
1981347
1982558
1983688
1984336
1985196
1986451
1986859
1988365
1988717
1989258
1991010
1992092
1993079
1993426
1994123
1994644
1995526
1996949
1997180
1999716
1999972
2000133
2000567
2001404
2001513
2002610
2003108
2003608
2003820
2005586
2006098
2007646
2007775
2008246
2008341
2008765
2010992
2011843
2012022
2012515
2015159
2015352
2018385
2020372
2022500
2022606
2023080
2023084
2023981
2025649
2026489
2027625
2027931
2028451
2029541
2032407
2033333
2035125
2037170
2037285
2037504
2037860
2038006
2039327
2039572
2039737
2041942
2043785
2044019
2044163
2045643
2047348
2049106
2050654
2051676
2051699
2051928
2053274
2053624
2054761
2054827
2056069
2058015
2058018
2059658
2060653
2060885
2062414
2064014
2065738
2065921
2066565
2066934
2067029
2069396
2069661
2070447
2071874
2072235
2074015
2074936
2077275
2078877
2079300
2080750
2081370
2082269
2083019
2084889
2085286
2086151
2086750
2088451
2089107
2089197
2089708
2090246
2090725
2091106
2091703
2092230
2092557
2092905
2095140
2095277
2095488
2097045
2100898
2102212
2104383
2106297
2106297
2107539
2107756
2108443
2109037
2109140
2109818
2110284
2110332
2111530
2112469
2112537
2114792
2115709
2116000
2116516
2117116
2117781
2119357
2119508
2120567
2121126
2121130
2121500
2121692
2122374
2123257
2124157
2124324
2125705
2126050
2126767
2130880
2131484
2132185
2133426
2135078
2135497
2137060
2139930
2140160
2142358
2143140
2143773
2146327
2148206
2149739
2149897
2149901
2150089
2150661
2151154
2151712
2151798
2152147
2152418
2152834
2155333
2157586
2158738
2159355
2159683
2160156
2160585
2161463
2162847
2162955
2163818
2164028
2164717
2165239
2167254
2167999
2168357
2168995
2169108
2169756
2170012
2170279
2170870
2170999
2172753
2173483
2173543
2175515
2176910
2177153
2177288
2177723
2179490
2179936
2181286
2182710
2185430
2185568
2187878
2188939
2189563
2189767
2190624
2192381
2192886
2193819
2194185
2194371
2195225
2197608
2197903
2197991
2201261
2201289
2202252
2202922
2202949
2203809
2204045
2205133
2208238
2209471
2209679
2209851
2211538
2212557
2212608
2212666
2214777
2216573
2217100
2217760
2218926
2219045
2219389
2219642
2222256
2222797
2223492
2225768
2227887
2228416
2228603
2230555
2232026
2232971
2233536
2233660
2233680
2233921
2234756
2236056
2236468
2237292
2237614
2237827
2238503
2238794
2241054
2242122
2243433
2244714
2245588
2246722
2246803
2246895
2247062
2247654
2248441
2248539
2248755
2249464
2251238
2251542
2251732
2252035
2252211
2252843
2253007
2253368
2253575
2254188
2254850
2255528
2258077
2259034
2260569
2262309
2264152
2264387
2264584
2264942
2265817
2266035
2267630
2270064
2270164
2271010
2271015
2273077
2273236
2274212
2275171
2280431
2281477
2281598
2281723
2282213
2284832
2285065
2286228
2286241
2286911
2286928
2287435
2287544
2287904
2288517
2289110
2289233
2289307
2290625
2291597
2291625
2292412
2292418
2292626
2293096
2294098
2294232
2294289
2295192
2295875
2295891
2296423
2296445
2299241
2301628
2301754
2302755
2303294
2303566
2305548
2305980
2307149
2307598
2307796
2308089
2309584
2311107
2312391
2314834
2315491
2316264
2320399
2322663
2322840
2323177
2323535
2323848
2323875
2325548
2326528
2326590
2327005
2327501
2327559
2327674
2328617
2328750
2329321
2332844
2335661
2335895
2335912
2336156
2336757
2337696
2338201
2340533
2340639
2340675
2340737
2341306
2342256
2343152
2343678
2343884
2344451
2344843
2344951
2345521
2347757
2348495
2349336
2349851
2351478
2351620
2351732
2354688
2354983
2355889
2356083
2357208
2357418
2357741
2359646
2360678
2360901
2361872
2363232
2364368
2364510
2364526
2365095
2365552
2366616
2367931
2368907
2369540
2369731
2370370
2370613
2371435
2371473
2371850
2372528
2372565
2372710
2372746
2373743
2375910
2376811
2376902
2378318
2378400
2379373
2380897
2381402
2382466
2383310
2383462
2383556
2385022
2386874
2387442
2388395
2389162
2390763
2392450
2393566
2393604
2394670
2395385
2395436
2396243
2396299
2396670
2397704
2398280
2400365
2400562
2401253
2403221
2404071
2405364
2406413
2407502
2407631
2408066
2409347
2409573
2412120
2412371
2412685
2413703
2414869
2415335
2415343
2415961
2417466
2417569
2417864
2418041
2418449
2420365
2421509
2421594
2421855
2422869
2424389
2424485
2424723
2424832
2428664
2428934
2429021
2430967
2432495
2433584
2433695
2434900
2436028
2436359
2436565
2436883
2437495
2438098
2438789
2438853
2439321
2440370
2440421
2441533
2443186
2444377
2444651
2445342
2445434
2445709
2446481
2448224
2448420
2451350
2451408
2452299
2452488
2452645
2452899
2453176
2453837
2453917
2454303
2455210
2455659
2456094
2457258
2457821
2458079
2459261
2460700
2461158
2462197
2462445
2463230
2463995
2464160
2466308
2469635
2470731
2472122
2472634
2473853
2474451
2474616
2475314
2477272
2479544
2481789
2482714
2484155
2484598
2486310
2486618
2487243
2489597
2489972
2492187
2492244
2492312
2493188
2493532
2493793
2494177
2495008
2495327
2495537
2495550
2495656
2496336
2496948
2498465
2498667
2499317
2503684
2504018
2505385
2505731
2506533
2506784
2507053
2507714
2507744
2508965
2509107
2511401
2513095
2513340
2514217
2516748
2519460
2519667
2520093
2520869
2520871
2521160
2522306
2523639
2523767
2523930
2524159
2524360
2524693
2525100
2525923
2526161
2527439
2528086
2528384
2528547
2529259
2530101
2530361
2530408
2531154
2533896
2536420
2536581
2537117
2537146
2537417
2539661
2540211
2540475
2540507
2541006
2544003
2544325
2544727
2545109
2545621
2546803
2548108
2550869
2551285
2551314
2552685
2553320
2553362
2554329
2554550
2555453
2556952
2557628
2557999
2558088
2558668
2559147
2559314
2559664
2560655
2561032
2561413
2563706
2564162
2564402
2565349
2565723
2566258
2566723
2566817
2567196
2568845
2570464
2571454
2571643
2571759
2571828
2572771
2574444
2574664
2575102
2575722
2576108
2577402
2578228
2578708
2579679
2581004
2582278
2585558
2585660
2587264
2587848
2588492
2590373
2592020
2592219
2592575
2592785
2594322
2597212
2597908
2597954
2602079
2602917
2603138
2605154
2605211
2605347
2605988
2606072
2606446
2612088
2612595
2614594
2616076
2619738
2620380
2621011
2622567
2622775
2623122
2623162
2624272
2625950
2626045
2627579
2628474
2629078
2630742
2631419
2631958
2632138
2633166
2634846
2635325
2635329
2635822
2637039
2637763
2638561
2641938
2643763
2644324
2645445
2645790
2648755
2649037
2649777
2654288
2654328
2654529
2654794
2655380
2656213
2657348
2658187
2658958
2660407
2660823
2661682
2661684
2662684
2663635
2664793
2664978
2665055
2667821
2669003
2669055
2669729
2670350
2670778
2672517
2673637
2673915
2674362
2675008
2675066
2675768
2675893
2676078
2678571
2679298
2680124
2681169
2681441
2681756
2682756
2683209
2683914
2685778
2685888
2686212
2687172
2689128
2690771
2690867
2691673
2692728
2693218
2693270
2694695
2695193
2696186
2696976
2697156
2697581
2698777
2700278
2700447
2700478
2701432
2701970
2702106
2706350
2707597
2708753
2709688
2710128
2711454
2712087
2713918
2713937
2714792
2715448
2716660
2717108
2718242
2718258
2719339
2719632
2720321
2720554
2721148
2721966
2723990
2725420
2725573
2726695
2726769
2728561
2729154
2729437
2730552
2731710
2732080
2732807
2732818
2733401
2734574
2734897
2735857
2736903
2737572
2742611
2745262
2745984
2746493
2746580
2746990
2747598
2748243
2748818
2749297
2749579
2750188
2750764
2751540
2752535
2753883
2754177
2755456
2755804
2756443
2757101
2757294
2757791
2759234
2761193
2762144
2762210
2762306
2765489
2765604
2766158
2767851
2768236
2768417
2769064
2769098
2769358
2769578
2770740
2772197
2773735
2773764
2774132
2775922
2779200
2779403
2779777
2780536
2782259
2782524
2782856
2783009
2783682
2786608
2786662
2787509
2788293
2788643
2789275
2789780
2790313
2791234
2792398
2793218
2793609
2794327
2794972
2796053
2797341
2798307
2802234
2802256
2802368
2802981
2805711
2806973
2807485
2808512
2810015
2810340
2810640
2812044
2812838
2813318
2816623
2817595
2819516
2821801
2822726
2825468
2828101
2829329
2829800
2831460
2832186
2832339
2833291
2833613
2834011
2836497
2836842
2837457
2837647
2838104
2838444
2841024
2841520
2841933
2844139
2844422
2845195
2845703
2845939
2847659
2850036
2851467
2851895
2854391
2854468
2855226
2856218
2861450
2863526
2863560
2863675
2863679
2864200
2864718
2865027
2865284
2865505
2867188
2867434
2869147
2870887
2871167
2872296
2876540
2876563
2877286
2879576
2879846
2879942
2882831
2883179
2883543
2887113
2888856
2888978
2889775
2889960
2890638
2890759
2891455
2892067
2893058
2894337
2894879
2895144
2898160
2898458
2899181
2899507
2900285
2900520
2903109
2904943
2907267
2909514
2909562
2909995
2911908
2913203
2915959
2916591
2917759
2918723
2919374
2919506
2920272
2921749
2922020
2922896
2923441
2925454
2925710
2925963
2926474
2926985
2927946
2929155
2929292
2929647
2930857
2930970
2931407
2932542
2932811
2935537
2936426
2937627
2937711
2937828
2938646
2939486
2940170
2941072
2941272
2942910
2943799
2944742
2945602
2946393
2946669
2948903
2948913
2949198
2949628
2950339
2950502
2953040
2953174
2955562
2956473
2957839
2958758
2958990
2959745
2961407
2962114
2963767
2963887
2964070
2964653
2964885
2964947
2965873
2966239
2966322
2967107
2968446
2968675
2969537
2973027
2974669
2974783
2975216
2977286
2977423
2978103
2980134
2980451
2981082
2981782
2982545
2982753
2983242
2983423
2984237
2985169
2985631
2987136
2987490
2987977
2988248
2988948
2989911
2990426
2990799
2990966
2991030
2993232
2995659
2996872
2997413
2998996
2999313
3000429
3001103
3002935
3005520
3006048
3007152
3008148
3008427
3013780
3014407
3017590
3018593
3019075
3019602
3019902
3020092
3020303
3021611
3021910
3024833
3027824
3029681
3031135
3032145
3032268
3032500
3033689
3034675
3036611
3037213
3037940
3038294
3038360
3041085
3042099
3042535
3043397
3043484
3043752
3044024
3046484
3046534
3047115
3047811
3047869
3048012
3048151
3050505
3050631
3051971
3052759
3053593
3054564
3056546
3057426
3058990
3059900
3061135
3063077
3063147
3063157
3064129
3064186
3064374
3066535
3067190
3067590
3067783
3068242
3069052
3069179
3070322
3072438
3073750
3074064
3074209
3074788
3075095
3075228
3078265
3078343
3082077
3083139
3083883
3085332
3086151
3089056
3090984
3091927
3093528
3094066
3095607
3096141
3096910
3097064
3097750
3098171
3098503
3099923
3100824
3101316
3102953
3103286
3103653
3105261
3105304
3105341
3105574
3105744
3106243
3106379
3106704
3107139
3107304
3107839
3108596
3109102
3109918
3110215
3111582
3111792
3114105
3115528
3115529
3115529
3115841
3117452
3117655
3117833
3118481
3119003
3119206
3119334
3119760
3121676
3121852
3122124
3125021
3125393
3125675
3126923
3128240
3129771
3130395
3131103
3132918
3134742
3135174
3135285
3135457
3136002
3139089
3139687
3139993
3141793
3142213
3142943
3143551
3143886
3145527
3145542
3146226
3146843
3147147
3149368
3150177
3150397
3150473
3150557
3150827
3150990
3151724
3152069
3153787
3154031
3154220
3154378
3154804
3156655
3157360
3159977
3163224
3167000
3167656
3167827
3169289
3169434
3170057
3171117
3174067
3174978
3182670
3184134
3184239
3185747
3187217
3189382
3189796
3190091
3191052
3191225
3191289
3191975
3192968
3193376
3195389
3196517
3197233
3198590
3198681
3200343
3200687
3201780
3203880
3204367
3204853
3205498
3207533
3207659
3208619
3209718
3210822
3210931
3211157
3211339
3212274
3213111
3214487
3214582
3214606
3214879
3215197
3215318
3218111
3218370
3218810
3222005
3223087
3223271
3223538
3223967
3224414
3226703
3228431
3229974
3230202
3231700
3231830
3232271
3232506
3233382
3233879
3234401
3234587
3235470
3235641
3235979
3236067
3237108
3238130
3240554
3241366
3243819
3244204
3246239
3247737
3249420
3250745
3251317
3253229
3253406
3253515
3254249
3256233
3257015
3257270
3257949
3258706
3261162
3262510
3263547
3264307
3264723
3265875
3267033
3267750
3269805
3269811
3270111
3270216
3271040
3271665
3276263
3277137
3279753
3281791
3282193
3284089
3284229
3284444
3284601
3288979
3289754
3291164
3292085
3293086
3293378
3294054
3295380
3295846
3296410
3298530
3299014
3299672
3301675
3301721
3301959
3305250
3306681
3306811
3307004
3307788
3308232
3308561
3308947
3309636
3311583
3311658
3312542
3314182
3315966
3316125
3318187
3318371
3318955
3319008
3319236
3319306
3320838
3321776
3322536
3323479
3323987
3324477
3325828
3328235
3328288
3329343
3330454
3331241
3331649
3331741
3332895
3333469
3333978
3335135
3335579
3336637
3338182
3338666
3339468
3339502
3339962
3340399
3341039
3341499
3343708
3347108
3348133
3348461
3350117
3350385
3352052
3352627
3352629
3354173
3354542
3354795
3355040
3355844
3356163
3356371
3356899
3358684
3359220
3359382
3360086
3360498
3362053
3362279
3363312
3364037
3364647
3365297
3366832
3366906
3367037
3367370
3367389
3367970
3368679
3368892
3369192
3370412
3370543
3374110
3377041
3377374
3377652
3378924
3380475
3380797
3381457
3383664
3384888
3385476
3386591
3386721
3387488
3388019
3388029
3388273
3388858
3390324
3391336
3392169
3392978
3394083
3394107
3396655
3398002
3398378
3398790
3400022
3401015
3402014
3402103
3403080
3403122
3403174
3403763
3404060
3404824
3405063
3405938
3406434
3407150
3407602
3410215
3410355
3410676
3411854
3412754
3413841
3415030
3417943
3420156
3421411
3422158
3422577
3423058
3423548
3425698
3426147
3427113
3428023
3428407
3428748
3429081
3429088
3431429
3432125
3433761
3440287
3440950
3441009
3441239
3441272
3443828
3446213
3448378
3448554
3452023
3452665
3452959
3453276
3453646
3455960
3456907
3457069
3457149
3457875
3458128
3458205
3460468
3461087
3461746
3462470
3462967
3463157
3463871
3464787
3465799
3466553
3466754
3467846
3468172
3469235
3470824
3472188
3472934
3473919
3475316
3475375
3477216
3478105
3479252
3479427
3480262
3480509
3481016
3481655
3482852
3484408
3485289
3486677
3486887
3487467
3487574
3488122
3488327
3488666
3488761
3489147
3490454
3491824
3492495
3492612
3492679
3493579
3494414
3494654
3495351
3495401
3496143
3497387
3497696
3498983
3500286
3500971
3501514
3501573
3502737
3503149
3503661
3504304
3504632
3505215
3505354
3509867
3510024
3510148
3511589
3513741
3514149
3514892
3515421
3516030
3516187
3516629
3518373
3518470
3520039
3520688
3521960
3524547
3525851
3526361
3526414
3526749
3526926
3528452
3528874
3529985
3531069
3531975
3532844
3534763
3536121
3537599
3537835
3539127
3539489
3540152
3540205
3540728
3541015
3541377
3543716
3543795
3544387
3545309
3545870
3546002
3546914
3546980
3547033
3547052
3547512
3547636
3548595
3548860
3549080
3549417
3549653
3550131
3550160
3550854
3551376
3551464
3553514
3554473
3554530
3554834
3555137
3555891
3556149
3556400
3559324
3560140
3560158
3562433
3563326
3564186
3565182
3565411
3565543
3566723
3567913
3568316
3568488
3572281
3572774
3573693
3576590
3577338
3577833
3577834
3578166
3578776
3579315
3579333
3582647
3583002
3583613
3584246
3584682
3588079
3588395
3588731
3591559
3591830
3593384
3593575
3594614
3595051
3595687
3596838
3596874
3597234
3597669
3597745
3599196
3600626
3602263
3602910
3603528
3603643
3604040
3605077
3605921
3606180
3607409
3607475
3607784
3609269
3611118
3611322
3611616
3611677
3612436
3612977
3615178
3615351
3615780
3616072
3616685
3617165
3617791
3618138
3618482
3622035
3623254
3624535
3625599
3626851
3628526
3630274
3631719
3633407
3633956
3635046
3637830
3638319
3638425
3639159
3644715
3644938
3645759
3646224
3646236
3646935
3647823
3648861
3649634
3649801
3650651
3652401
3652503
3652749
3653030
3653842
3654140
3655569
3656501
3656669
3657566
3658774
3659311
3659585
3659691
3660520
3661090
3661248
3661736
3662666
3663410
3664124
3665089
3666001
3668560
3669341
3669805
3670342
3674327
3676401
3678082
3678566
3680985
3681716
3683071
3683962
3684064
3684588
3684714
3686020
3687062
3688326
3688420
3688842
3688895
3690410
3690473
3690492
3691560
3692552
3692553
3692676
3693688
3694362
3694626
3695750
3696244
3696971
3696978
3699357
3700010
3701593
3702328
3702386
3702472
3704851
3705310
3705329
3706066
3706278
3706846
3706946
3709839
3711666
3712676
3713131
3714383
3715036
3718882
3720231
3721688
3725595
3726647
3726923
3727816
3728469
3729087
3732099
3732885
3737909
3738122
3738438
3738696
3739917
3740656
3741027
3744308
3745095
3748917
3749960
3751005
3753363
3753366
3754160
3754566
3754653
3756157
3758076
3758974
3759695
3762426
3762567
3764665
3764723
3766665
3766678
3767008
3767405
3767461
3768408
3769045
3770071
3770206
3770913
3770947
3772614
3774134
3774170
3774539
3774738
3774969
3775486
3775547
3775636
3776004
3776194
3776631
3777200
3778250
3779583
3779725
3780582
3780763
3782342
3784258
3784853
3784967
3785753
3786107
3787081
3788723
3789845
3791241
3791477
3791683
3792210
3793287
3794283
3797004
3797135
3797593
3799654
3800712
3800896
3801931
3803009
3804596
3804994
3806950
3807011
3808952
3809563
3810424
3810743
3811718
3811726
3811795
3813063
3813868
3814807
3815304
3816593
3816705
3818552
3819517
3820803
3821143
3822020
3822174
3822672
3824622
3826486
3827325
3827843
3829971
3830222
3831644
3832146
3833286
3834500
3836028
3838143
3840678
3841222
3841296
3841747
3843640
3844586
3844610
3848449
3848628
3849919
3850644
3852140
3852971
3853374
3853642
3854124
3855227
3856317
3856442
3856916
3857729
3857843
3858550
3859361
3859386
3859856
3864507
3867322
3868186
3868383
3868443
3869341
3869610
3870584
3870604
3874474
3878363
3878543
3879603
3881352
3882183
3882326
3882558
3883155
3884190
3884559
3886352
3887742
3888498
3888688
3889208
3890170
3891393
3891817
3892075
3892372
3893887
3894739
3896041
3896209
3896632
3897865
3899342
3900255
3900633
3901765
3901842
3901881
3902464
3902508
3902958
3903007
3903115
3903403
3904551
3904796
3905353
3907187
3907696
3909152
3911003
3911511
3913734
3914365
3917111
3922009
3922355
3922626
3922932
3922983
3923700
3923857
3927224
3927548
3928242
3930629
3931107
3931684
3933409
3934006
3934271
3934684
3935413
3935519
3937057
3937767
3938439
3938653
3938816
3939178
3939510
3939521
3940390
3940586
3941171
3941752
3941859
3943191
3945869
3946614
3947354
3949032
3949462
3950312
3950473
3951289
3953019
3953047
3953523
3953888
3955368
3956471
3958346
3960996
3961288
3962608
3962616
3965733
3965740
3965750
3965944
3966261
3966372
3967868
3968720
3970197
3971244
3971568
3972381
3972550
3973234
3973883
3974072
3974242
3974922
3975039
3975334
3975378
3975792
3979884
3980623
3980740
3981850
3982334
3984966
3985032
3985355
3986246
3988746
3989055
3989634
3990345
3990603
3991192
3991806
3992935
3996138
3996696
3997276
3998370
3999379
4000582
4000873
4001246
4001256
4001884
4002971
4004435
4005264
4005877
4006312
4006483
4010535
4010814
4011003
4011003
4012551
4015203
4015320
4017927
4019296
4019459
4019745
4020042
4021058
4021565
4022669
4022718
4023601
4024103
4024320
4024385
4025755
4026030
4027097
4028259
4031541
4031802
4032296
4032938
4032943
4033679
4033989
4034162
4034547
4034824
4035243
4037159
4037801
4038349
4039235
4040816
4040855
4042223
4042364
4043938
4046698
4047431
4047791
4048246
4049952
4050119
4050133
4051762
4051766
4052498
4052677
4057180
4057580
4058127
4059411
4059788
4060494
4061174
4061545
4063172
4063443
4063587
4063805
4063831
4064120
4064512
4064541
4064844
4068407
4070285
4070357
4071262
4071336
4071784
4072121
4072275
4074352
4074507
4075141
4075380
4078322
4078487
4078688
4079066
4079550
4080301
4081205
4081582
4081933
4082607
4083351
4083458
4084306
4085253
4086578
4086912
4087188
4087499
4087950
4088081
4090425
4091548
4092038
4092493
4095484
4095792
4096464
4096497
4096837
4099098
4099643
4100611
4102542
4102660
4103613
4103916
4105174
4106327
4106546
4106559
4106977
4107199
4108176
4109458
4110404
4111079
4111699
4113012
4115403
4117310
4117784
4119100
4119148
4120211
4120419
4121697
4122713
4122778
4125629
4126809
4127405
4127877
4128028
4130153
4130546
4130621
4131681
4132024
4132901
4133440
4134052
4135218
4135647
4135893
4136766
4138184
4138484
4138735
4139792
4140607
4141487
4141768
4143078
4143343
4143544
4147478
4147854
4148285
4150284
4150574
4151242
4151506
4151795
4151902
4154323
4154343
4154784
4155431
4155691
4157161
4157521
4158635
4159947
4160551
4161960
4162530
4163496
4167975
4169029
4169945
4170866
4173137
4175494
4175803
4178494
4178859
4179299
4180151
4182065
4182817
4183291
4183597
4183661
4183663
4189129
4190004
4190030
4190737
4192851
4194557
4195023
4197070
4197514
4199248
4199357
4199377
4200471
4201690
4202299
4202880
4202978
4203592
4203948
4203981
4204180
4204195
4206487
4207018
4207253
4209088
4210451
4211693
4211965
4212318
4214384
4217971
4217993
4219266
4219526
4219780
4220109
4222465
4222544
4222837
4223171
4224309
4226867
4227167
4228048
4229229
4229302
4229385
4229687
4230150
4230369
4232498
4232585
4232923
4233328
4234020
4235213
4235440
4235808
4235963
4237255
4237339
4237706
4240515
4240640
4242074
4245429
4245727
4246897
4247290
4247416
4248046
4248573
4250204
4252833
4253145
4256880
4258128
4260010
4261423
4263426
4263913
4264415
4264615
4265834
4268363
4268799
4269775
4269841
4269865
4270257
4272187
4272517
4272973
4273127
4273139
4274035
4274332
4274690
4274817
4279133
4280014
4280076
4280198
4280396
4281976
4283158
4286137
4286551
4286571
4287226
4288100
4289778
4290454
4290466
4293311
4293765
4294255
4294763
4295531
4295830
4295869
4296957
4298379
4300919
4301056
4301572
4302385
4304124
4305858
4306380
4306866
4307460
4308237
4309359
4310219
4310481
4310669
4311006
4313904
4313926
4315728
4317590
4317637
4318084
4318527
4319000
4320258
4320325
4320530
4320913
4321200
4321678
4322040
4323227
4323706
4327365
4328705
4329234
4330784
4331007
4331220
4333025
4333349
4333356
4333579
4336309
4336392
4336590
4337476
4337659
4338431
4339459
4342178
4343047
4343663
4344643
4346006
4346466
4347742
4348370
4348595
4348698
4350479
4351669
4351758
4351844
4351923
4352080
4353535
4354867
4355947
4357214
4358775
4359181
4360882
4360947
4361245
4363684
4364536
4364731
4369412
4369477
4370719
4372173
4372262
4373139
4374422
4374785
4375217
4375949
4376253
4378034
4378058
4378587
4379634
4381120
4383269
4383572
4384181
4384459
4384576
4384754
4386252
4386482
4386669
4387047
4392217
4392732
4394403
4397869
4399240
4399281
4400340
4400536
4400850
4405012
4405166
4406081
4406311
4406668
4406766
4408663
4409853
4410917
4412060
4413071
4413536
4414543
4414978
4419432
4420833
4420903
4421513
4422641
4424486
4426439
4426529
4426937
4427157
4427370
4430700
4432865
4432906
4433389
4434376
4435577
4436075
4437177
4437551
4437821
4437956
4438005
4438968
4439363
4441120
4441890
4442306
4443131
4446758
4446852
4447041
4448021
4448031
4448243
4448412
4449020
4449419
4450417
4451785
4451979
4453368
4454881
4455449
4455486
4457274
4457707
4458867
4459158
4460654
4460767
4461381
4463152
4463642
4463941
4464691
4465297
4465908
4467406
4467582
4468842
4469230
4471725
4472039
4473245
4474720
4475069
4477931
4478306
4478861
4479719
4481325
4481871
4482546
4484660
4485988
4486157
4486520
4487101
4488168
4488862
4489188
4493914
4497018
4499872
4500755
4500958
4501266
4501906
4501986
4502217
4503147
4505014
4505097
4505339
4505913
4506845
4507620
4507642
4509462
4510408
4512964
4513056
4513214
4513315
4513359
4514157
4514688
4515678
4516553
4520670
4521393
4521449
4526151
4526331
4527229
4528432
4529212
4529490
4529783
4530334
4533330
4534977
4535482
4536474
4536533
4536574
4537625
4538450
4539150
4541035
4544501
4546696
4548147
4548181
4549473
4550007
4550320
4550660
4550853
4552925
4553153
4553534
4554993
4555684
4555945
4556832
4559519
4559527
4559953
4560025
4561297
4562512
4563585
4564563
4564756
4565172
4566071
4567385
4567590
4567880
4567926
4568609
4569533
4571293
4571474
4572084
4572256
4572528
4573326
4573377
4575311
4575959
4575980
4577512
4580057
4581727
4582004
4582495
4583223
4583293
4583655
4583856
4584077
4586612
4586753
4587770
4588179
4590074
4590362
4590919
4591177
4592366
4592461
4593225
4593331
4593577
4595855
4597787
4598293
4598381
4599302
4599534
4599601
4601670
4602059
4602387
4602836
4603805
4603844
4604151
4604197
4604557
4604640
4606536
4608759
4611789
4613120
4614172
4616100
4621227
4621389
4621704
4623369
4624011
4624774
4624960
4625735
4628112
4629923
4630466
4630858
4630872
4630910
4631392
4631619
4633178
4633280
4636076
4637033
4637054
4638010
4638168
4638375
4638800
4640309
4641663
4641810
4642024
4642347
4644595
4645753
4645920
4648440
4651501
4653002
4653463
4656647
4659084
4659105
4659124
4660570
4661184
4662987
4663253
4663725
4664034
4666221
4669009
4669969
4670311
4670417
4672805
4673373
4673835
4675978
4676416
4677569
4678144
4678775
4679520
4679640
4680621
4680780
4681095
4681261
4681988
4682292
4682468
4682599
4682794
4683952
4687807
4688245
4689021
4689065
4692788
4693672
4695460
4697710
4699249
4701800
4703320
4703399
4704278
4704317
4706736
4706882
4707249
4707431
4707751
4708252
4708393
4709930
4710640
4713695
4717528
4718296
4718411
4720138
4720802
4721265
4721921
4721943
4721999
4723412
4723484
4724464
4726227
4727822
4728257
4728679
4729351
4732562
4732813
4733016
4734997
4735343
4735373
4735422
4735845
4736115
4736206
4736972
4737167
4739550
4741952
4744341
4744648
4746419
4746451
4748062
4748560
4748853
4749326
4749727
4750326
4750658
4751013
4751292
4751304
4752516
4752980
4753054
4753721
4754811
4755103
4755376
4755688
4759048
4761485
4762150
4765061
4765875
4766218
4766414
4772635
4772999
4773050
4774252
4775004
4775686
4776306
4776366
4777107
4777676
4779099
4779922
4780574
4780926
4781525
4783033
4783166
4783415
4788196
4788326
4788665
4788685
4789688
4790033
4792198
4792554
4792860
4792892
4793216
4794391
4794557
4795065
4795633
4797482
4799391
4800398
4801067
4801173
4802582
4803022
4804651
4806070
4806999
4807193
4807678
4808586
4810854
4812533
4814211
4814540
4814738
4815092
4816494
4817052
4817707
4817764
4818526
4820304
4821248
4822471
4822856
4824574
4825026
4825933
4826795
4827185
4828913
4828972
4830806
4831136
4831401
4831564
4831692
4831788
4833643
4834191
4834433
4834525
4835476
4836640
4836723
4837072
4838696
4839037
4839262
4841778
4844149
4845543
4846252
4846364
4846479
4848687
4848966
4850775
4851784
4852258
4852286
4852565
4853280
4854465
4854742
4854848
4855091
4855762
4855994
4856001
4856243
4856809
4856837
4857259
4857859
4857866
4858872
4858919
4859749
4863561
4864553
4865243
4865524
4865780
4865897
4866266
4867965
4869690
4871585
4873931
4874332
4875118
4877369
4879020
4880177
4882450
4882782
4883267
4883988
4883988
4884479
4884570
4885371
4886774
4889211
4889406
4891962
4892239
4894311
4894970
4895165
4899604
4902371
4902486
4903047
4905236
4905265
4906105
4906409
4907787
4907887
4908030
4908274
4909516
4909732
4909970
4910350
4910522
4910649
4911064
4911267
4911287
4911413
4913031
4913072
4916188
4917312
4917496
4920562
4922475
4923053
4923108
4924609
4927183
4928282
4928640
4930201
4932001
4932245
4932321
4934187
4934472
4935418
4936855
4937927
4938074
4938757
4941125
4941493
4941586
4941957
4943107
4943765
4943852
4945374
4946317
4947812
4948987
4949423
4949434
4951561
4952569
4954282
4954322
4958401
4958653
4960054
4960526
4963476
4965238
4968922
4969013
4969391
4969406
4969606
4970942
4972041
4975011
4975250
4980037
4980317
4980368
4982519
4983949
4985162
4987270
4989709
4991123
4991726
4992845
4993139
4993290
4993823
4994318
4995149
4995857
4995996
4997157
4997557
4998581
4998955
5000623
5001987
5002491
5002762
5002833
5004783
5005240
5006754
5007849
5008381
5008504
5011184
5011192
5011203
5011773
5012443
5013096
5014321
5014806
5015189
5016835
5016939
5017295
5017402
5017580
5021216
5021336
5021889
5022573
5023593
5025123
5026412
5026691
5027166
5027770
5029078
5030561
5031972
5034964
5035861
5037733
5039296
5040955
5042889
5046643
5048016
5048357
5048526
5049902
5053003
5053344
5053939
5053981
5055458
5058643
5059545
5059673
5060054
5060245
5060673
5062341
5063729
5066235
5066361
5068292
5068453
5068672
5068727
5069230
5070731
5070969
5072133
5073391
5074458
5074620
5074636
5074642
5076274
5076887
5077564
5077946
5078734
5080206
5080505
5081425
5081703
5081933
5082251
5082583
5083423
5085588
5086442
5087486
5089475
5089863
5090135
5090232
5090363
5092128
5092400
5092459
5092956
5093718
5094147
5094273
5094904
5095132
5099399
5099888
5100646
5101704
5103126
5103141
5103275
5105412
5106186
5106900
5107599
5108135
5108411
5108758
5108896
5110642
5112361
5114773
5115959
5117516
5118616
5118715
5122054
5124416
5125698
5126174
5126405
5126850
5126949
5130459
5130670
5132048
5133133
5133260
5133482
5133576
5135129
5135568
5135845
5137611
5137764
5137837
5140780
5142044
5142411
5142566
5142755
5144352
5144853
5145753
5147342
5148550
5148662
5148674
5148739
5149378
5149909
5150229
5150293
5150469
5151223
5151541
5152351
5152385
5153532
5153648
5153757
5154197
5155266
5156922
5157098
5158178
5159546
5161534
5163053
5163104
5163392
5163466
5163857
5165041
5166655
5167462
5169116
5171801
5172153
5172398
5172435
5173269
5175979
5178254
5179158
5180448
5181528
5182269
5184390
5185197
5187046
5188095
5188252
5189002
5189280
5189744
5190116
5190212
5190283
5190689
5191236
5191383
5193158
5194638
5195395
5196565
5201848
5202011
5203646
5203801
5204578
5204586
5205913
5209242
5209451
5209478
5210115
5212734
5215482
5215696
5215706
5217777
5218400
5218456
5219693
5220654
5224932
5228591
5228705
5232377
5233288
5233915
5234217
5234472
5234681
5236175
5236395
5237888
5238407
5238635
5238743
5238831
5239004
5240214
5241524
5242618
5242870
5242884
5243276
5243670
5244267
5247163
5247517
5248953
5249560
5249698
5251307
5252883
5253561
5255550
5255999
5258098
5262052
5263701
5264518
5267102
5267625
5267804
5267870
5268584
5268822
5272637
5280523
5280869
5282290
5282803
5283225
5283253
5284948
5285424
5287065
5289185
5289843
5290074
5290419
5290435
5292106
5294205
5294678
5294700
5295016
5295026
5295351
5296371
5296694
5297156
5297684
5297885
5299493
5299883
5299952
5300036
5300214
5300870
5301070
5302214
5302233
5302873
5303999
5304719
5309423
5310354
5311817
5312630
5314139
5316431
5317911
5319213
5319920
5319930
5319944
5320562
5321835
5321997
5322725
5323747
5324537
5324630
5326050
5326625
5326834
5328301
5329988
5331478
5331536
5331627
5331640
5332231
5333882
5337987
5338494
5339425
5343422
5344867
5345502
5346805
5349244
5350149
5352184
5352298
5352694
5353619
5354402
5356145
5356228
5357407
5358581
5358668
5360388
5361061
5361444
5361966
5362496
5362677
5364038
5365838
5366335
5366695
5366764
5370903
5372850
5372912
5373731
5374164
5374709
5375422
5376540
5376772
5377257
5378349
5378952
5379619
5381886
5381983
5384671
5384849
5385036
5385628
5386897
5388276
5389570
5390970
5392220
5392377
5394280
5395374
5396988
5397079
5397102
5397317
5398190
5398628
5399025
5399124
5399167
5402853
5403687
5404241
5404768
5405150
5405218
5405771
5406512
5407772
5408834
5410657
5410954
5410990
5411859
5411861
5411965
5412481
5412678
5412934
5414663
5414990
5418042
5418122
5419546
5420665
5421658
5422231
5423492
5423851
5425213
5427414
5427438
5427705
5428580
5429066
5429395
5430068
5430433
5430940
5432196
5433214
5433376
5434833
5435438
5436522
5436952
5437279
5438596
5438884
5439195
5439814
5439915
5441582
5442027
5443021
5443230
5445236
5446211
5448359
5449623
5449800
5450060
5450129
5450373
5450471
5451564
5451739
5452009
5453405
5453665
5454001
5459797
5460212
5460655
5462665
5463076
5463885
5463984
5464082
5468158
5469665
5471540
5472706
5472941
5472957
5473422
5473717
5474475
5475613
5477071
5477094
5478367
5479105
5479463
5479663
5480733
5480887
5481186
5481647
5481687
5481747
5484275
5484737
5485567
5485627
5486525
5487685
5488429
5488710
5490076
5491561
5491803
5493682
5493992
5494649
5495851
5496306
5496547
5496908
5502420
5503572
5504081
5504433
5505320
5505351
5505684
5505827
5506290
5507834
5508812
5509144
5509235
5509607
5509720
5509925
5510313
5511875
5512298
5512753
5512958
5513045
5513407
5513436
5513437
5513783
5514071
5514288
5514833
5515930
5516132
5516437
5517020
5517128
5517416
5518940
5520155
5520892
5522456
5522586
5523447
5524927
5525752
5527291
5527608
5527643
5528302
5528394
5529476
5529588
5530598
5530886
5530983
5533732
5534286
5534302
5535410
5536479
5537508
5537875
5537927
5538350
5538959
5539388
5539651
5539754
5540139
5540269
5542296
5542434
5544403
5546173
5547061
5550378
5550616
5551860
5552022
5552177
5553080
5553526
5554637
5554694
5556270
5559376
5562542
5563223
5563406
5565064
5565372
5565738
5567029
5567281
5567715
5567853
5568250
5568672
5569508
5569667
5570399
5571809
5572357
5572951
5573968
5574051
5575245
5576184
5577323
5577791
5578235
5580224
5580355
5581174
5581516
5581694
5582284
5583660
5586181
5586810
5586919
5587771
5589143
5589417
5589693
5589997
5590990
5591340
5592642
5593219
5593582
5593597
5595172
5595950
5596086
5596385
5596856
5597297
5597488
5598432
5598499
5598769
5599138
5599400
5599491
5599524
5599572
5599812
5600908
5601248
5603885
5605351
5606371
5607452
5609949
5611133
5611614
5613601
5616016
5620549
5620552
5621269
5622171
5622796
5624611
5625226
5625707
5625837
5628736
5629414
5630578
5631739
5632271
5633940
5633957
5634696
5635929
5636201
5636420
5636964
5637500
5638919
5641791
5641971
5642092
5642643
5643802
5644380
5644440
5644601
5645010
5645779
5645887
5646555
5646811
5647554
5649796
5650405
5651023
5653422
5654891
5655174
5658122
5658235
5658461
5658860
5660241
5660680
5660798
5661692
5661724
5662840
5664287
5665540
5665604
5665819
5668303
5670175
5671238
5671992
5673440
5675184
5675445
5676508
5676569
5677494
5677855
5678160
5678335
5678346
5679291
5679548
5680723
5680974
5682653
5686618
5688344
5690080
5690239
5692980
5693581
5694451
5694714
5695250
5695754
5696922
5697188
5697840
5701061
5701727
5702573
5702869
5703661
5703664
5704315
5704328
5704995
5705106
5705380
5706414
5706760
5707448
5707968
5708589
5709645
5712007
5713916
5713951
5714141
5714240
5714516
5715165
5716007
5716277
5716514
5718417
5719917
5722137
5725536
5727428
5728088
5728461
5728563
5729444
5731185
5731282
5733591
5733711
5735272
5735281
5735580
5737129
5737352
5738529
5738866
5739089
5740047
5740954
5740989
5741770
5742052
5743029
5743198
5743800
5745341
5746192
5747802
5747837
5748498
5748543
5749012
5749282
5749765
5749815
5750104
5751676
5752620
5752692
5753680
5754486
5754567
5755168
5755227
5755461
5756023
5756360
5757007
5757857
5758145
5761063
5761159
5761163
5761471
5761742
5762127
5763029
5763396
5763969
5763996
5764311
5764505
5765845
5769306
5772250
5772318
5772751
5773370
5774001
5774152
5774364
5774876
5776058
5776169
5777386
5778026
5778476
5780788
5780925
5781089
5782138
5782226
5782557
5784288
5784827
5784938
5785044
5787662
5788284
5789494
5791253
5791611
5793259
5793483
5794439
5795349
5798847
5800235
5800546
5803015
5804173
5804557
5804708
5805687
5805812
5805862
5805874
5806172
5806819
5809283
5809625
5810344
5810836
5813115
5816234
5816271
5818557
5818702
5819467
5820381
5821136
5822178
5822486
5823843
5824173
5825899
5825961
5826145
5828147
5829681
5829887
5831228
5831700
5831740
5834189
5834536
5835245
5835537
5840934
5841241
5841684
5842030
5842423
5843173
5845632
5845786
5846357
5846467
5846680
5846753
5848071
5848265
5848328
5848523
5848739
5851030
5853001
5853644
5854387
5854873
5854925
5855002
5855086
5855388
5855847
5859422
5859753
5860419
5861865
5862903
5863778
5863970
5864621
5866950
5867258
5868150
5869702
5870280
5871511
5872066
5872233
5872503
5875507
5875644
5876953
5877297
5878710
5880770
5881776
5882776
5883133
5883212
5883902
5885209
5887339
5888432
5888863
5889577
5890051
5890442
5891731
5893017
5893085
5893668
5893729
5894183
5894643
5896075
5897293
5897399
5897831
5898550
5898621
5900071
5900220
5902303
5902856
5903160
5903465
5905817
5905896
5906822
5907326
5911156
5911837
5912619
5913158
5913233
5915962
5916131
5917933
5919060
5919715
5921017
5921968
5922126
5922463
5922706
5926081
5926695
5927240
5927412
5929117
5929347
5930058
5930350
5931611
5934013
5934947
5935386
5937219
5939222
5939592
5939759
5942000
5942439
5943556
5944137
5944542
5944766
5947511
5947651
5950594
5950619
5951331
5951902
5955871
5957275
5957508
5958644
5958677
5959123
5959436
5960047
5960833
5960839
5961239
5962549
5962574
5962979
5963428
5963578
5968618
5969007
5971841
5972515
5973695
5973872
5974456
5974812
5974957
5976277
5976281
5976319
5976448
5976525
5978204
5978593
5979347
5979853
5980511
5980876
5981080
5982095
5982555
5982639
5983181
5983602
5984165
5984181
5985357
5986353
5988540
5989830
5992117
5996043
6001695
6002278
6002588
6003050
6003681
6004568
6004690
6004847
6007661
6008919
6008938
6010838
6013809
6018124
6019264
6020000
6020058
6020105
6024421
6024955
6027170
6027268
6027322
6027703
6029992
6030501
6031168
6031190
6031486
6032056
6034042
6035141
6037161
6037195
6039808
6040154
6042222
6044687
6044818
6047639
6048010
6049818
6052793
6055243
6055628
6056125
6056531
6056837
6057004
6057215
6057217
6057311
6057331
6058143
6058315
6059574
6060425
6060512
6063134
6065187
6065327
6066450
6069469
6070357
6071843
6072542
6075104
6075828
6076281
6077432
6077490
6078057
6078257
6078463
6082614
6083012
6083765
6083937
6086226
6087016
6087871
6088936
6089466
6089718
6090358
6090567
6090747
6091689
6092110
6093382
6094009
6094303
6094652
6096683
6099723
6100037
6100353
6100578
6100615
6100637
6100680
6101411
6101867
6101880
6106384
6106750
6109023
6110822
6111485
6111889
6114906
6115420
6119319
6120578
6120823
6121298
6121330
6121951
6122507
6124409
6124531
6124785
6124921
6125469
6129816
6130241
6131395
6132420
6134007
6134226
6134283
6134510
6135447
6135448
6135958
6136274
6137039
6137076
6137689
6138671
6140307
6140369
6141716
6141834
6141941
6142614
6142617
6142828
6144834
6145307
6146893
6146946
6147438
6148356
6148465
6149513
6149824
6150250
6150315
6150897
6153129
6153595
6154079
6154811
6154993
6155744
6156015
6156067
6156403
6156473
6156989
6157458
6157643
6157663
6158534
6160359
6161271
6161305
6163716
6163892
6164079
6166415
6166744
6167222
6168396
6168941
6169262
6169574
6170452
6172024
6172591
6173611
6173694
6173764
6173794
6173954
6175163
6176441
6177154
6177236
6177239
6177310
6179554
6180753
6181013
6181875
6182734
6184068
6184100
6184622
6186150
6186793
6186996
6187390
6189237
6189361
6190146
6190824
6190998
6191006
6192163
6193935
6194686
6195138
6195352
6195519
6197611
6197895
6200026
6200663
6201709
6201760
6201969
6202202
6203469
6209894
6210006
6210836
6211224
6212426
6212636
6212817
6213335
6213559
6214730
6214952
6216459
6216794
6216877
6216928
6219540
6219731
6222246
6222646
6223402
6223857
6224135
6224161
6225272
6225893
6227090
6227238
6227605
6228123
6228514
6228670
6228779
6229127
6230179
6231418
6233387
6234015
6234926
6236297
6239048
6240272
6241935
6241967
6242923
6243074
6245124
6245175
6246999
6247140
6247275
6247826
6250046
6250151
6251696
6252561
6252566
6253259
6253830
6254634
6255087
6255659
6256803
6257955
6259117
6259799
6262215
6263357
6263665
6264771
6267957
6268531
6270041
6270539
6271379
6272321
6272491
6273361
6273998
6281273
6281503
6283760
6283965
6284038
6284733
6285709
6285743
6287803
6288519
6288947
6289335
6290768
6291695
6292642
6293403
6294960
6295267
6295595
6295851
6298279
6299517
6299989
6300061
6300152
6302835
6303757
6304551
6304562
6306169
6310011
6310483
6311775
6314415
6314552
6317046
6318791
6319310
6320112
6320922
6322305
6323078
6324494
6326508
6327107
6328150
6328947
6328950
6330067
6332021
6333225
6333975
6334469
6334788
6336396
6337574
6339092
6339340
6339558
6340343
6342905
6344435
6344734
6345444
6345925
6345980
6346022
6346306
6346562
6346569
6347658
6347726
6347976
6348586
6349493
6349677
6350328
6351162
6351591
6352209
6352274
6352870
6355170
6355294
6356260
6356490
6357501
6358455
6359087
6359849
6360557
6360867
6362557
6362775
6362960
6364069
6365348
6365949
6366194
6366510
6366903
6366995
6368409
6368816
6374325
6375207
6376770
6378221
6378493
6379052
6379363
6379656
6379693
6380003
6380745
6381279
6382224
6382968
6384107
6384345
6384490
6384604
6384971
6385471
6388173
6390517
6391141
6391556
6391735
6392156
6393691
6393850
6393858
6394325
6395550
6395843
6396751
6397635
6397651
6398655
6398689
6398862
6401150
6401174
6402064
6403563
6403612
6404054
6404108
6405035
6405763
6407634
6410252
6410799
6412691
6413256
6414386
6415426
6417801
6418679
6418912
6421024
6421047
6422862
6423223
6423535
6425284
6425767
6425774
6426199
6428715
6429174
6430578
6430690
6431483
6431788
6431974
6433734
6433965
6438136
6438418
6438693
6438798
6440956
6442872
6443311
6444311
6444314
6444925
6445045
6446171
6446883
6446964
6447077
6449113
6449844
6450812
6451768
6453459
6453656
6454238
6454604
6454790
6454806
6455687
6456246
6457514
6458584
6459128
6460594
6461912
6462258
6462488
6464299
6464456
6465485
6465506
6466755
6467805
6468756
6469551
6470145
6470616
6472009
6473687
6474643
6475891
6476011
6477003
6478401
6481547
6481844
6484593
6484920
6487675
6487696
6487720
6487958
6488702
6489192
6489236
6489915
6490035
6490198
6492335
6492966
6495328
6495371
6495526
6495880
6496024
6496305
6496354
6497400
6498710
6499683
6500932
6504702
6504880
6505536
6505627
6505789
6506356
6507665
6509642
6509912
6512529
6512652
6513384
6513890
6514961
6515470
6515548
6515748
6516567
6517129
6517217
6519029
6521251
6522376
6523900
6525330
6526845
6527178
6527648
6528937
6534200
6534712
6535576
6536339
6536720
6537429
6537448
6537589
6538606
6539292
6539782
6540244
6542023
6544069
6544665
6544969
6545108
6545202
6546171
6546550
6547098
6548568
6549551
6549871
6550998
6552873
6553765
6554841
6555212
6555223
6555229
6555260
6556312
6556729
6557271
6558018
6558285
6558750
6560051
6560976
6562631
6563087
6563277
6563588
6564577
6564684
6564789
6565147
6565441
6566657
6567685
6568082
6568714
6572526
6573121
6573333
6573596
6573624
6575359
6578451
6579453
6581092
6581590
6581690
6582243
6583207
6584329
6584710
6585446
6586092
6587826
6588469
6589344
6592367
6592650
6593453
6595140
6596126
6596158
6596251
6600633
6600753
6601796
6602759
6604573
6604717
6605046
6605136
6606151
6607417
6608318
6608864
6609459
6610572
6611190
6611205
6611731
6612825
6614799
6615162
6615610
6616018
6616556
6617193
6619919
6620468
6621455
6621955
6622943
6623123
6623163
6623558
6624151
6625156
6626394
6627084
6628608
6628906
6629674
6630446
6630517
6631023
6631198
6633158
6633358
6633403
6634408
6634473
6634720
6634888
6637728
6637740
6640169
6640733
6641677
6642010
6642969
6643457
6644314
6645196
6646760
6646813
6648501
6648541
6649550
6651107
6652777
6654429
6654856
6655010
6655530
6655885
6656762
6657322
6658637
6659929
6662312
6663984
6664809
6665626
6665636
6667308
6669251
6670599
6671218
6671395
6674521
6677651
6680967
6681819
6682325
6682432
6686426
6686428
6686934
6687262
6687609
6690514
6690975
6691533
6692748
6693690
6694288
6696306
6697180
6697487
6697642
6698354
6700880
6700946
6701019
6701830
6702471
6703664
6704919
6706778
6707953
6707964
6709461
6710916
6712093
6712131
6712724
6713991
6714194
6717109
6717685
6718392
6718453
6718971
6719875
6720645
6720886
6721508
6723558
6723654
6726656
6728522
6728561
6729833
6729921
6730092
6732586
6732869
6733434
6733610
6733879
6735844
6737736
6738196
6738516
6738520
6739604
6739758
6740022
6742176
6742701
6742901
6743377
6744212
6744332
6744624
6745450
6746041
6746329
6746641
6749115
6749247
6749752
6749843
6750705
6752869
6752875
6752922
6753997
6754448
6755554
6756942
6757083
6757224
6758318
6760470
6761919
6762693
6763788
6765645
6765889
6767303
6767494
6770336
6770434
6771840
6771981
6772063
6774021
6776045
6776861
6776999
6778162
6778666
6780002
6780581
6780976
6781505
6782517
6783449
6786716
6787338
6788231
6789445
6792947
6793366
6794761
6795470
6796719
6796912
6798532
6801328
6801717
6801939
6805125
6805208
6805585
6806151
6807308
6808900
6809514
6809522
6810753
6810922
6812047
6812716
6814165
6815258
6815566
6815667
6818643
6821042
6823351
6823918
6824025
6824658
6825011
6825463
6826459
6831190
6831725
6832631
6834409
6837921
6838619
6838711
6839994
6840053
6840099
6840585
6840897
6841525
6842218
6842307
6842641
6842767
6843163
6843481
6843560
6843938
6844008
6846110
6846500
6848490
6849212
6850592
6850653
6850678
6851863
6853003
6853409
6853866
6854188
6857404
6858386
6858397
6858631
6858845
6859212
6859922
6860301
6861832
6865630
6867659
6869795
6869808
6870009
6870655
6871887
6871940
6873995
6874190
6875255
6875295
6877520
6877602
6877689
6877886
6878245
6879210
6879264
6879314
6880010
6880131
6881513
6881931
6884377
6885170
6885967
6886466
6887963
6888167
6889875
6890208
6890315
6891199
6892183
6895035
6896257
6897018
6897127
6897142
6897317
6897429
6897831
6900785
6901835
6902582
6902689
6902800
6903170
6903665
6904283
6904852
6905179
6905959
6906809
6907356
6907869
6908004
6909093
6909636
6910050
6911007
6911971
6913014
6913358
6914099
6917090
6917942
6920489
6920830
6921574
6922389
6922600
6923395
6924278
6925518
6925774
6925809
6926857
6927571
6928506
6929044
6930436
6931387
6932450
6932829
6933203
6933865
6933937
6935093
6936535
6938970
6939146
6939176
6940215
6940386
6942102
6942504
6942637
6946444
6947037
6947863
6948774
6948861
6949677
6949762
6950678
6951032
6953343
6954112
6954434
6954785
6955394
6956203
6956996
6957054
6957500
6958124
6958353
6959801
6960835
6961055
6961313
6964392
6964492
6966556
6966591
6967732
6968678
6969390
6970220
6970400
6972999
6973019
6973687
6975911
6977070
6978179
6978410
6980162
6980622
6980981
6981575
6982376
6982645
6985367
6988215
6988556
6991515
6991819
6992115
6992199
6992248
6993453
6993753
6993967
6994955
6995317
6995710
6996748
6996855
6996896
6998228
6998379
6998648
6999307
6999645
7001466
7002975
7005865
7007222
7007287
7008311
7008401
7008491
7008783
7010314
7010577
7010779
7010992
7012114
7012952
7013153
7013250
7013311
7013530
7014282
7015544
7017542
7018566
7018585
7019940
7021897
7022350
7023001
7023059
7023419
7024292
7024612
7024838
7026337
7029440
7034347
7036476
7037464
7039683
7039733
7040560
7040678
7040995
7041952
7042595
7044299
7044808
7045714
7048400
7048657
7048910
7049792
7053216
7055717
7055859
7055936
7059210
7059998
7061745
7066353
7066861
7066922
7070277
7074113
7075107
7076839
7077086
7078079
7079747
7082494
7083273
7083894
7085515
7086042
7086431
7087219
7087746
7088527
7088600
7090340
7091431
7091437
7092080
7092165
7093484
7094120
7095331
7095420
7097664
7098047
7098958
7099234
7100236
7100299
7100917
7104150
7104952
7105499
7105876
7106854
7109074
7109142
7109256
7109257
7109435
7109820
7110309
7110380
7115508
7115853
7116356
7117375
7117871
7118063
7120452
7120618
7120851
7121378
7121607
7122410
7122414
7123881
7124735
7126367
7128941
7131350
7131834
7131945
7132946
7134936
7135194
7136927
7138024
7139205
7139324
7141192
7141665
7143838
7144293
7145115
7145987
7146008
7146033
7148343
7148890
7149504
7149911
7150511
7150899
7151289
7152761
7153442
7154182
7154203
7155103
7155403
7155696
7157512
7157635
7157890
7158459
7160387
7162034
7162517
7163997
7164154
7164383
7166224
7166482
7168239
7169781
7171072
7171198
7172673
7173790
7173914
7174517
7178629
7178735
7178810
7178854
7183575
7185489
7186015
7187243
7187716
7188797
7190983
7191079
7191224
7192861
7193490
7193982
7194033
7195961
7197567
7198896
7200020
7200410
7201167
7201496
7201631
7203182
7204388
7204467
7204837
7208997
7209536
7209663
7210678
7211329
7213774
7216397
7217372
7217531
7217624
7218821
7218938
7219490
7220634
7220643
7221602
7222574
7223239
7224022
7224040
7225052
7225692
7227298
7228122
7231444
7231849
7231927
7233198
7235599
7235847
7236518
7238475
7238746
7240176
7240919
7241298
7242179
7242348
7243339
7243606
7245518
7245635
7246654
7247701
7248825
7249870
7252071
7253930
7255361
7255759
7255888
7257109
7257194
7257265
7257809
7257832
7258872
7259865
7261759
7261817
7262690
7264178
7264562
7264876
7265042
7266683
7266798
7268668
7268740
7269056
7269459
7270804
7271637
7272086
7272238
7272830
7273506
7274231
7274699
7276238
7279671
7280805
7281992
7282417
7283239
7284420
7285182
7287060
7287361
7288302
7288666
7289666
7290510
7290597
7291987
7293605
7296378
7296431
7296445
7296460
7296693
7297136
7298046
7298309
7298377
7299396
7299695
7302456
7302813
7303187
7304453
7304617
7305362
7305675
7307207
7309711
7310567
7311066
7311148
7313077
7314024
7314305
7315423
7315495
7315605
7316441
7317123
7317383
7317534
7317743
7318147
7318336
7318714
7319011
7319301
7319793
7320095
7323409
7323693
7323928
7324563
7324910
7325181
7325198
7327280
7327754
7327926
7328268
7329353
7331950
7334498
7335904
7336258
7336260
7338073
7338928
7339086
7339876
7339896
7340458
7340616
7340647
7341659
7341993
7342068
7343065
7343321
7343358
7344079
7344112
7344364
7345121
7345219
7345568
7348446
7350693
7350773
7352408
7353324
7353330
7354823
7355521
7356760
7356765
7359159
7360069
7361419
7362534
7363564
7363881
7364154
7366724
7366876
7367925
7371024
7371660
7371758
7373532
7373554
7376228
7376988
7377049
7380446
7382410
7383490
7384048
7386683
7387400
7387948
7388320
7391846
7394677
7395740
7395913
7396423
7396572
7397184
7397657
7398267
7398398
7398742
7399074
7400074
7400740
7401327
7401759
7402449
7404109
7407003
7408709
7409881
7414003
7414129
7416013
7417710
7418562
7420058
7421053
7421093
7421144
7421933
7422608
7424331
7425346
7425752
7426596
7426717
7428332
7428381
7428727
7429990
7430498
7431418
7433048
7434735
7434926
7437008
7438832
7440532
7441890
7442227
7443009
7443509
7443763
7443845
7445685
7446486
7446539
7448349
7450267
7451074
7453751
7453796
7455197
7455775
7456346
7456872
7457545
7458801
7459258
7459618
7459769
7459859
7460361
7461190
7463040
7463488
7464321
7465378
7466568
7467023
7467884
7468152
7468271
7469482
7469493
7472266
7472582
7472670
7474029
7474884
7475816
7476395
7477415
7478665
7478696
7479179
7479243
7479823
7479866
7480337
7483817
7484810
7486102
7486262
7487556
7487674
7488515
7493559
7493722
7494862
7495574
7495702
7495914
7496055
7497676
7500705
7502692
7503325
7504705
7504929
7505254
7507404
7508246
7509381
7509762
7511430
7511707
7511843
7512090
7514857
7515235
7515647
7517145
7517335
7517484
7517752
7518353
7519203
7519803
7522065
7523490
7524709
7525052
7525090
7525300
7525817
7527024
7527033
7528440
7529176
7530105
7532404
7532984
7533467
7534138
7534817
7536761
7536956
7538462
7539788
7540398
7540480
7540787
7541022
7541172
7541867
7543956
7545124
7545882
7547586
7547628
7547799
7552223
7552251
7556435
7556769
7557389
7558149
7559611
7561136
7561890
7562044
7562426
7562957
7564391
7565729
7566416
7567276
7569270
7569369
7570630
7571626
7573356
7573538
7574651
7575200
7577433
7578366
7580038
7581058
7581543
7581741
7582123
7582201
7582898
7582995
7583266
7583731
7583967
7584692
7586023
7586948
7587141
7587957
7589149
7590408
7590504
7590905
7591787
7592165
7592370
7594259
7595116
7595406
7596202
7596239
7596357
7597563
7597747
7599565
7600117
7600966
7601539
7603867
7606998
7608054
7609802
7611629
7612014
7613254
7614605
7615991
7620378
7620758
7620968
7621642
7621891
7622315
7623438
7624200
7626610
7626841
7626867
7628706
7631678
7631753
7632746
7633179
7634002
7634554
7636065
7638143
7638204
7640519
7641463
7643099
7643397
7644678
7645916
7645931
7646454
7646570
7647026
7647276
7648111
7649581
7651599
7653400
7655782
7657566
7658899
7659870
7660242
7660727
7661270
7662819
7663987
7664532
7665467
7667577
7670920
7671573
7671718
7671735
7673746
7674279
7674371
7674542
7675636
7675637
7678206
7679240
7680233
7680820
7681509
7682372
7682410
7685068
7685208
7686272
7687252
7688677
7689875
7690069
7690575
7690961
7691674
7694396
7694517
7694541
7694926
7695139
7695184
7696502
7698456
7699281
7699966
7700081
7700496
7700702
7701392
7702776
7702940
7703186
7705137
7706771
7708137
7708615
7709816
7709843
7709904
7710279
7711010
7712064
7712537
7713420
7713948
7714640
7716409
7716486
7716531
7716956
7717543
7718092
7721128
7721633
7721879
7721892
7724912
7725110
7726078
7726806
7727579
7728464
7729333
7729613
7730794
7731091
7731624
7731860
7733703
7733843
7734284
7734332
7735224
7736299
7736691
7739086
7742106
7742727
7744347
7744576
7744810
7746049
7747210
7747400
7749665
7749710
7751428
7751977
7752712
7753859
7755110
7756881
7756956
7757657
7758768
7759504
7760372
7762185
7762735
7762964
7764208
7764463
7764545
7766947
7770685
7770882
7771109
7771329
7771387
7771436
7774640
7775741
7775948
7776636
7777312
7778120
7778549
7779877
7780298
7781361
7781422
7783438
7784215
7784662
7786486
7788298
7788850
7789534
7790231
7793069
7793182
7793236
7794042
7794052
7794481
7794960
7795136
7796050
7796284
7796335
7796958
7798414
7799350
7799647
7801645
7802110
7802329
7803164
7803476
7803753
7804196
7806400
7806840
7807245
7807844
7808040
7810423
7810810
7813955
7815159
7815199
7815687
7817000
7817379
7817676
7818589
7818727
7818771
7818999
7819319
7819970
7820572
7821136
7822242
7823495
7825210
7825325
7825583
7826155
7826226
7826898
7828565
7829001
7829121
7829134
7829179
7829366
7829835
7830008
7831193
7831288
7833448
7833817
7835047
7835066
7835344
7835645
7838572
7840446
7841099
7841277
7841737
7843083
7843816
7844041
7846154
7847518
7848107
7848219
7850607
7851509
7853169
7853170
7854204
7854733
7854977
7855892
7857052
7857131
7857592
7857984
7859206
7860358
7862104
7862857
7863028
7864932
7865647
7866189
7866227
7866246
7866509
7866591
7866648
7867383
7867631
7868528
7869690
7869753
7870130
7870224
7872364
7873412
7874055
7874075
7874356
7874821
7877402
7878911
7880688
7884229
7885333
7885773
7885808
7888235
7888362
7888680
7888789
7889487
7889786
7893977
7897656
7898562
7898651
7899139
7899305
7899423
7899786
7900621
7901178
7901215
7902800
7902999
7904687
7904782
7905510
7907989
7908009
7909264
7910783
7911301
7911688
7914194
7917304
7920392
7920899
7921443
7921934
7922450
7922476
7922685
7922951
7924380
7924459
7924619
7925423
7926305
7927040
7927446
7929853
7930183
7931308
7931696
7931789
7933099
7935892
7936221
7938631
7938640
7938979
7939205
7939920
7940319
7941072
7942048
7942222
7945419
7945509
7947549
7949409
7949503
7949838
7949941
7950072
7951540
7952770
7954300
7957881
7958173
7958897
7959542
7967529
7967679
7969625
7970031
7970203
7972479
7974794
7976429
7977500
7977897
7978575
7980595
7982298
7983875
7984091
7984859
7984991
7985129
7987338
7987841
7988319
7988642
7990934
7992108
7992839
7993297
7993458
7993564
7993882
7994721
7995756
7996842
7997874
7998003
7998232
7998625
8000984
8001541
8002435
8003560
8005340
8005845
8006105
8007403
8009505
8010241
8010939
8011253
8011830
8011881
8015950
8017705
8019254
8020296
8020428
8021790
8022099
8022275
8023432
8026181
8026291
8026829
8027407
8029735
8031526
8031747
8034236
8035270
8035701
8035723
8035792
8038745
8039199
8039760
8039976
8041135
8041142
8041984
8042872
8043892
8045585
8050937
8052414
8053483
8055896
8056589
8058236
8058607
8058853
8059701
8060003
8060931
8062472
8063323
8063375
8068639
8071161
8071196
8071245
8071733
8071952
8072457
8072537
8073632
8074325
8076583
8076905
8077901
8078591
8080789
8080981
8081251
8082412
8082491
8082736
8083953
8087947
8088159
8088635
8089291
8089446
8090599
8090862
8090916
8091212
8091910
8093179
8094339
8094594
8095602
8096547
8097144
8097474
8097811
8097821
8098253
8100034
8103035
8104242
8104876
8104980
8105226
8106702
8106929
8108539
8110581
8110590
8110729
8113245
8114624
8115497
8116119
8123374
8123765
8123869
8124920
8126078
8126181
8126413
8129544
8130038
8130984
8131438
8133486
8133807
8134590
8135274
8135370
8135373
8136984
8137096
8137130
8138742
8140420
8140442
8140570
8140878
8141035
8141938
8142893
8143045
8145801
8145995
8147181
8147297
8147536
8148916
8148939
8149173
8149881
8150522
8151047
8153122
8153913
8154803
8155281
8155799
8156546
8156604
8156851
8158580
8158826
8159185
8159893
8160261
8161086
8161548
8162099
8162192
8162363
8166015
8166153
8167376
8168580
8168770
8170367
8171457
8172983
8174027
8174317
8176131
8176770
8177143
8177536
8178183
8180626
8180943
8181035
8181091
8181350
8183080
8183369
8183795
8185007
8185713
8185780
8186580
8187841
8187984
8188402
8188998
8188998
8190258
8192282
8192541
8194262
8195141
8196399
8197862
8198416
8199668
8199828
8200026
8200389
8200926
8200942
8202538
8204171
8204612
8206055
8206821
8208254
8208637
8208789
8211601
8212470
8213081
8213413
8214655
8214855
8218563
8218565
8219549
8221074
8221544
8221771
8221788
8221804
8222580
8223137
8224005
8224062
8224662
8224716
8226321
8226526
8227895
8227941
8228563
8229078
8229241
8231509
8231682
8231732
8232113
8232949
8234002
8235703
8238059
8238374
8238439
8239158
8242778
8243866
8243967
8244302
8244595
8246631
8248270
8248926
8249020
8249279
8249769
8249807
8252636
8253741
8254197
8254331
8255099
8260129
8261191
8262337
8262598
8262677
8262833
8262885
8262889
8264363
8265179
8265636
8266231
8266249
8267884
8269352
8272884
8273305
8275904
8277565
8278019
8278546
8278768
8278946
8279266
8279758
8280460
8280493
8280641
8280735
8281473
8281942
8283760
8284173
8284496
8284514
8284707
8284884
8287587
8287847
8289064
8290735
8290736
8291098
8292251
8292765
8293049
8293827
8296408
8297014
8299465
8300826
8300936
8303420
8304781
8306333
8309168
8309253
8310014
8310546
8310630
8312442
8312946
8313275
8313294
8313705
8315742
8316213
8317060
8317823
8319269
8319895
8320138
8320501
8321056
8321883
8324888
8325795
8325811
8326741
8327202
8328347
8330831
8331637
8332789
8334591
8336154
8337584
8338059
8338198
8341567
8341648
8342456
8343462
8344989
8345716
8346068
8346280
8346299
8346737
8347186
8347263
8348146
8348420
8348753
8349035
8350112
8350265
8351366
8351424
8352035
8352257
8352516
8353624
8353632
8354318
8356133
8357247
8357495
8357919
8359799
8360232
8361198
8362744
8363605
8365235
8365826
8366203
8366500
8366591
8368193
8369363
8369965
8371361
8375465
8378956
8379322
8382545
8383030
8386128
8386719
8388958
8395360
8396666
8396877
8397264
8399620
8400245
8400528
8400676
8400737
8401030
8404602
8405512
8405688
8406970
8407040
8407413
8409688
8410393
8411049
8411123
8411245
8412242
8413731
8413887
8414870
8415925
8416809
8418512
8419946
8420259
8420802
8422138
8422208
8423306
8423533
8428500
8428753
8428867
8429546
8429793
8429872
8430742
8432035
8432476
8432929
8433421
8433656
8434802
8439338
8439642
8441713
8442481
8443188
8444014
8444539
8446626
8446752
8447713
8447726
8448147
8448631
8449568
8450111
8451388
8451406
8451412
8452204
8452656
8453883
8454995
8455882
8456027
8457802
8458200
8458451
8458748
8458822
8461233
8462537
8464350
8465218
8465240
8465591
8466336
8467110
8467131
8467570
8467814
8468828
8468903
8470859
8470863
8471976
8473641
8474249
8477047
8479519
8479619
8482937
8485232
8486769
8491171
8491316
8491327
8494107
8496662
8498754
8498820
8500460
8500771
8501919
8502091
8502219
8502462
8504510
8504781
8507132
8508087
8508590
8509797
8510097
8513679
8514837
8514883
8515426
8516136
8517223
8517400
8517856
8519236
8519594
8521103
8521140
8521589
8521996
8522278
8522304
8524204
8524219
8525056
8525340
8525618
8525854
8526687
8528276
8530012
8530315
8531397
8531407
8531434
8531750
8533933
8534226
8534871
8535008
8537152
8537403
8537972
8538006
8538502
8539199
8539382
8539597
8546580
8547414
8547527
8547801
8550320
8551651
8552469
8552708
8553543
8553850
8555021
8558248
8560387
8561628
8562346
8562454
8562456
8563184
8566134
8566295
8567159
8567804
8568313
8568362
8571680
8573303
8573938
8574296
8574322
8574811
8576761
8576900
8577361
8577794
8579080
8579277
8580021
8580418
8580531
8580598
8581715
8582553
8583575
8584928
8587912
8588012
8588323
8588738
8589308
8591573
8591790
8593347
8593625
8594583
8594701
8594854
8595281
8595423
8595503
8596614
8598284
8599171
8600039
8601331
8604276
8604576
8605529
8607335
8609074
8609907
8610284
8611632
8611815
8611816
8614736
8615065
8623313
8623420
8624512
8624803
8625019
8626377
8626402
8627565
8630554
8631660
8631693
8633399
8635857
8636881
8637007
8637830
8637992
8638912
8642282
8642369
8642729
8642793
8643021
8643037
8644031
8645446
8646309
8647842
8647846
8647871
8648204
8649562
8650401
8651230
8651515
8653328
8654126
8655686
8655777
8656336
8656344
8656712
8659356
8659767
8660751
8662532
8666445
8667285
8667780
8668172
8669187
8669379
8669646
8669786
8670623
8671232
8673530
8673822
8675294
8676328
8677415
8678294
8678931
8680560
8680616
8681654
8683900
8684201
8685203
8687065
8687087
8687561
8687678
8689615
8690861
8691413
8692826
8694928
8695292
8696116
8696402
8698958
8701198
8703986
8704543
8705974
8706132
8706795
8706910
8707281
8707378
8709445
8709822
8709961
8710392
8711293
8714327
8717277
8717322
8720146
8721427
8724867
8726230
8729217
8729255
8729311
8731351
8734356
8734464
8735601
8736385
8736497
8736583
8736862
8736894
8737108
8737377
8738467
8739111
8739303
8741495
8744206
8744818
8746996
8747491
8748071
8749359
8751515
8752026
8752130
8753395
8754469
8754537
8754629
8755385
8755651
8756217
8756718
8757613
8758635
8758970
8760121
8760375
8760499
8761290
8763011
8763157
8764103
8764489
8764680
8765174
8765655
8765711
8765954
8766178
8766252
8767010
8767967
8768747
8768754
8769897
8770016
8771263
8774179
8775589
8775707
8775852
8776562
8777118
8777147
8778033
8778709
8780392
8783592
8785185
8786066
8786864
8788837
8789645
8789864
8790598
8792518
8793629
8795688
8796296
8797507
8797747
8798035
8798473
8799766
8803691
8803890
8804951
8805073
8806163
8806808
8807947
8807975
8809404
8810344
8810614
8810909
8813752
8814628
8815702
8816017
8817852
8818228
8818370
8818373
8819575
8820438
8820893
8822061
8822298
8823560
8824394
8825058
8825105
8827515
8828768
8829566
8830158
8831040
8831050
8833509
8833939
8836018
8837623
8838786
8840178
8840771
8841897
8842923
8845158
8846225
8846239
8848261
8848278
8848868
8850967
8852719
8853292
8853410
8853854
8854224
8854968
8855155
8855840
8855873
8856129
8856442
8857265
8857552
8859396
8860777
8862289
8863076
8863670
8864390
8864454
8864675
8866228
8866797
8868636
8869336
8869779
8871145
8872374
8872413
8872709
8874099
8875445
8876519
8876577
8877636
8878232
8878269
8878995
8879150
8879361
8883997
8885706
8886020
8888617
8888694
8888891
8889761
8890657
8890789
8891237
8892696
8892861
8893765
8894905
8894905
8895064
8895431
8895785
8897999
8898849
8899361
8901540
8901963
8902414
8904221
8904580
8906022
8906594
8906793
8907690
8909359
8910436
8910798
8912284
8912643
8913018
8916844
8917363
8918041
8918388
8918769
8919155
8919949
8920669
8920694
8921022
8922455
8923194
8923271
8923723
8923756
8924466
8925054
8925567
8926079
8927088
8927236
8927422
8928886
8929874
8930542
8931219
8931930
8932579
8932985
8933099
8933320
8933912
8934359
8935034
8935609
8935696
8935872
8936665
8937252
8937952
8938115
8938589
8946371
8946707
8946998
8949160
8949258
8950104
8950570
8951594
8952488
8952582
8953770
8953981
8955510
8956194
8956766
8957159
8957369
8957922
8958475
8959240
8959319
8960007
8961277
8961634
8962016
8962798
8962963
8963212
8964448
8965881
8966097
8966127
8968078
8969246
8971805
8972112
8972548
8973209
8973402
8973425
8974336
8976948
8978409
8978434
8978473
8978865
8980061
8980593
8980948
8981501
8981649
8984574
8986421
8987241
8988831
8990011
8990132
8991119
8992055
8993628
8994482
8995010
8996507
8996868
8997121
8998090
8998247
8998496
8998904
9000538
9001196
9001247
9003328
9003510
9003566
9004356
9004475
9004678
9005522
9006241
9006479
9008575
9009518
9009610
9010143
9011018
9011895
9013330
9013780
9014188
9016876
9017902
9019237
9019687
9023979
9024153
9024411
9024596
9025705
9026316
9026769
9028037
9028345
9030812
9031292
9034592
9035294
9035643
9036532
9037039
9037276
9038138
9038766
9041089
9041422
9041498
9042359
9043718
9045776
9046217
9046444
9046747
9048640
9049276
9051689
9052037
9052555
9054128
9054878
9058731
9059753
9060479
9060915
9061740
9062980
9063021
9065714
9065795
9065935
9068117
9068221
9069532
9069812
9070043
9070203
9070756
9071471
9072040
9076275
9076544
9077992
9078555
9080776
9080975
9082872
9082884
9083538
9084915
9085679
9085923
9088202
9088819
9088887
9089926
9090711
9091109
9092671
9093154
9093332
9095724
9095955
9096174
9096233
9098540
9099024
9102835
9102836
9103502
9105830
9106257
9107462
9110406
9113437
9113453
9114788
9115316
9117164
9117945
9118141
9118567
9119990
9121467
9121719
9122266
9122848
9123845
9124219
9124930
9125065
9125655
9125706
9126000
9127378
9129532
9129548
9133795
9134019
9134867
9135838
9138075
9138999
9139477
9140078
9140231
9141027
9141078
9142491
9143832
9144650
9145933
9145938
9146405
9146823
9146839
9147241
9147448
9148377
9148399
9148985
9150437
9151368
9152566
9155028
9156877
9157274
9158091
9158360
9161646
9163087
9163871
9165092
9166207
9167491
9167907
9168425
9169922
9170021
9170937
9172613
9173634
9174957
9175461
9175513
9176013
9177181
9180855
9182702
9182812
9183844
9184530
9188006
9193274
9195487
9195623
9196295
9196838
9197618
9199181
9200311
9200668
9200866
9201844
9202613
9203163
9204077
9204263
9205463
9206738
9207720
9208067
9209067
9209641
9210208
9214217
9214245
9214761
9215813
9216211
9216594
9216931
9218267
9218353
9218842
9218909
9222089
9223556
9223629
9224660
9224753
9224766
9225561
9225850
9227482
9229194
9229481
9230817
9232550
9233642
9234068
9235188
9235591
9236504
9236618
9237553
9237848
9237922
9238686
9241647
9242740
9243563
9244886
9245142
9245634
9246267
9246476
9248068
9248665
9249984
9250892
9251403
9252499
9253599
9254958
9255322
9255576
9256413
9260461
9263955
9263966
9265883
9266120
9267207
9267586
9268352
9270018
9270654
9270876
9271965
9272297
9272671
9276875
9276887
9277599
9278039
9280500
9280863
9281414
9281804
9283407
9285780
9286168
9286298
9286581
9289697
9292610
9292891
9293023
9294267
9294330
9294890
9295150
9295827
9297554
9298428
9299738
9304013
9308407
9308905
9312066
9313559
9313734
9315475
9316986
9317402
9318029
9318902
9319066
9319975
9321276
9321983
9322246
9322842
9323212
9324106
9324323
9324596
9324718
9324783
9324794
9325318
9325492
9325563
9325872
9327472
9328207
9328459
9328534
9329425
9330273
9331310
9332142
9333061
9334613
9334722
9334888
9335193
9335994
9336526
9337108
9337281
9338890
9339993
9340215
9340619
9342067
9343461
9345180
9345227
9345816
9347399
9348133
9348559
9350360
9351229
9351750
9352275
9352518
9353145
9355079
9355211
9355567
9355818
9355922
9356175
9358249
9358998
9359352
9360060
9360187
9360260
9361506
9361743
9363506
9364316
9366150
9366509
9366810
9367302
9369291
9370540
9371809
9372526
9375484
9375717
9376057
9376211
9376973
9378511
9379127
9379713
9382009
9384364
9384440
9384528
9386224
9386335
9386524
9387392
9388054
9389757
9390334
9390737
9390878
9390912
9392132
9393398
9394499
9395364
9395446
9396548
9397228
9397418
9397877
9397879
9398044
9398663
9398897
9399412
9399452
9399609
9401260
9402519
9405294
9405685
9406204
9407814
9408393
9408616
9408905
9409136
9411374
9411559
9412094
9412720
9413930
9414382
9415322
9415334
9417262
9420236
9421411
9422027
9422470
9422875
9424902
9425408
9426131
9426802
9427157
9429138
9431041
9431430
9431690
9432237
9433050
9434187
9434243
9435594
9436335
9436832
9437260
9438873
9440076
9440729
9440910
9441438
9443619
9444199
9444363
9444578
9444951
9445218
9445368
9445581
9447324
9449045
9449725
9449742
9449958
9450115
9451142
9452063
9454316
9454631
9455032
9456215
9456469
9457032
9458102
9458259
9458541
9458553
9459439
9461942
9462134
9464245
9464480
9465038
9466869
9468660
9468850
9470027
9471443
9472393
9472819
9476973
9478021
9480410
9480929
9483205
9486776
9486804
9487769
9487873
9489505
9492311
9492809
9493448
9494397
9496014
9496161
9497195
9499060
9501340
9501357
9502005
9502096
9502668
9503278
9504213
9504641
9506130
9508514
9508844
9509965
9510312
9511760
9513784
9513870
9513930
9516850
9517686
9519061
9521437
9522406
9522697
9524460
9526481
9526678
9529187
9530526
9531139
9532351
9532693
9533627
9534265
9534487
9535169
9536992
9537028
9538358
9539265
9539310
9540299
9540443
9542343
9542570
9543350
9546627
9546690
9548271
9548523
9549731
9551351
9551361
9551811
9552350
9553238
9554326
9556286
9557598
9558121
9558244
9559144
9561137
9561929
9562839
9562981
9565406
9565687
9566099
9567673
9568294
9569203
9569360
9570285
9570486
9571360
9572018
9572370
9573326
9573671
9573938
9574447
9574942
9575903
9576262
9577071
9578944
9579497
9581345
9581546
9582270
9582742
9583992
9584218
9584712
9585377
9585489
9585832
9585912
9586048
9588182
9589382
9593357
9593398
9593741
9594144
9594771
9597474
9597971
9599138
9599178
9599344
9599726
9600548
9601040
9602212
9603101
9605233
9605682
9605803
9606513
9607929
9608203
9608210
9608699
9610478
9613219
9613423
9614202
9614784
9616815
9616991
9618989
9621093
9622776
9623543
9623872
9623933
9624356
9625463
9627861
9628924
9629316
9631063
9631774
9632610
9633004
9633109
9634351
9634449
9635755
9637003
9638925
9639109
9639864
9640261
9641813
9641829
9642360
9644406
9644616
9644681
9645026
9645317
9645867
9645934
9646187
9647895
9647897
9648975
9650779
9650788
9651988
9652212
9654058
9656132
9659328
9659970
9660192
9661384
9663933
9664917
9665189
9666313
9667373
9667568
9667941
9667991
9671278
9672492
9672814
9673346
9673453
9673811
9674145
9674388
9675257
9676671
9677168
9679089
9679911
9681649
9681928
9682646
9684446
9685215
9685333
9685656
9685767
9686141
9689144
9691034
9691761
9692415
9693325
9694050
9694687
9694995
9696142
9697031
9697135
9698312
9698762
9699498
9700590
9700856
9702542
9704291
9705146
9705626
9705880
9706997
9708932
9710781
9711245
9711675
9712826
9713340
9713746
9714167
9715154
9715266
9716529
9717130
9719427
9720255
9722167
9722213
9722398
9722418
9722626
9722710
9722788
9722958
9724109
9726158
9726939
9727024
9727816
9727819
9728004
9728157
9730709
9732291
9733781
9734186
9734259
9734876
9734950
9734954
9735475
9737145
9737186
9738001
9738185
9738687
9739547
9740064
9740393
9742336
9743416
9749025
9749147
9749166
9749808
9751406
9752434
9752692
9752853
9754422
9754761
9755027
9755784
9757385
9758073
9758168
9758778
9758827
9759314
9761097
9761426
9762205
9762446
9762763
9762877
9764594
9766920
9767162
9767567
9768813
9768886
9771033
9771662
9772626
9773432
9776021
9777192
9778209
9778677
9780336
9780859
9786512
9787863
9790037
9790331
9792092
9792277
9796064
9796798
9796976
9798674
9799329
9799370
9802362
9803534
9804156
9805069
9806273
9806650
9807858
9808612
9811353
9811642
9813278
9813291
9813410
9814784
9815494
9818036
9818291
9818388
9819060
9819470
9820609
9820946
9820985
9821417
9824878
9825689
9825829
9826030
9827137
9829893
9830673
9831358
9832620
9834755
9836068
9838178
9839374
9839627
9840735
9841504
9842785
9843358
9843675
9843893
9844219
9845301
9846409
9848098
9848109
9848680
9848735
9849021
9850143
9850225
9850540
9850947
9851434
9852312
9854323
9854421
9855131
9856832
9856898
9857686
9858037
9858119
9859452
9860912
9861307
9861933
9862964
9863795
9863954
9865508
9865898
9866477
9867659
9868140
9868147
9868524
9868722
9868811
9869179
9869582
9869729
9870104
9870556
9870852
9874271
9875191
9876123
9876699
9877610
9877943
9879241
9880223
9880521
9880570
9881859
9882236
9885050
9886239
9888031
9888103
9888687
9889017
9889060
9891029
9892322
9893293
9894298
9895205
9896310
9899279
9899838
9899975
9901255
9902860
9902901
9905722
9907929
9908171
9909030
9909221
9911493
9913053
9913356
9913961
9914243
9914510
9915631
9916218
9917445
9917459
9921101
9921820
9922071
9922113
9923148
9923583
9925093
9925911
9926584
9926726
9927200
9927536
9928291
9928702
9928889
9929176
9929856
9931606
9934214
9934743
9934796
9935383
9936244
9937765
9937886
9938421
9939143
9940379
9940507
9941764
9942390
9943908
9945937
9947428
9949275
9949444
9952214
9952279
9953393
9954111
9955027
9955612
9955618
9955702
9956537
9956831
9957650
9958215
9962557
9962959
9963544
9964806
9964986
9965176
9965692
9965942
9966631
9966702
9968675
9968708
9970375
9970763
9970965
9971095
9972162
9974373
9975871
9978054
9978252
9978889
9979740
9981575
9982904
9983451
9985227
9985327
9985997
9986884
9988328
9988435
9988642
9989521
9989794
9990296
9993897
9994453
9995576
9995688
9996078
9996287
9996388
9998576
9998955
9999688
