1089023
1169403
1181655
1318376
1516427
1538833
1543289
1561535
1574555
1648253
1648859
1664010
1738003
1751662
1755289
1876672
1909048
1980749
1995778
2019155
2353907
2510513
2688655
2695649
2730730
2750294
2762765
3005536
3113277
3289707
3372083
3441602
3450262
3521476
3691758
3770015
3806271
3835137
3901012
3949956
4003791
4047037
4210092
4323516
4343064
4627613
4706536
4751802
5004159
5022211
5072245
5096432
5177639
5235934
5487021
5637813
5725150
5783840
5915603
5997143
6021973
6280628
6583927
6647341
6655924
6907153
7009264
7090101
7219651
7230015
7318367
7384112
7594965
7597619
7614231
7766654
7907727
7982896
8068271
8117246
8200407
8241476
8317707
8431645
8483776
8623919
8656701
8722483
8837801
8981323
9099008
9162966
9187493
9321562
9439210
9575752
9670619
9768798
9824479
9909652
