1050045
1158427
1176024
1226581
1310866
1326040
1353221
1647217
1773064
1930560
1993862
2047217
2215827
2292123
2317540
2437957
2493271
2549586
2549686
2557066
2601125
2691688
2773251
2780806
2867392
2914043
2999959
3027256
3101127
3159842
3163200
3253832
3289470
3426338
3554880
3558536
3679906
3688005
3832689
3904189
3916103
4239403
4543846
4546307
4657514
4864342
5390301
5554591
5635883
5639223
5915696
5956532
5976393
6035449
6195955
6236345
6383412
6387182
6631730
6653165
6657233
6754132
6799359
6875793
6972595
7094127
7342741
7391775
7499350
7660085
7713360
7867662
8065121
8308199
8478192
8488641
8497881
8552728
8581117
8779528
8793174
8847495
9069489
9094443
9137312
9295245
9305930
9319111
9321561
9366899
9388293
9409988
9586385
9641410
9692006
9812026
9846855
9874181
9877816
9886621
