1001036
1014094
1035812
1045982
1049965
1054719
1062632
1069761
1080395
1081862
1101489
1106199
1108715
1120005
1122911
1134907
1140289
1141670
1174003
1180539
1189438
1200595
1222676
1260936
1280495
1285605
1313103
1318430
1320150
1325274
1337561
1342367
1344444
1364371
1378620
1382700
1392998
1409118
1410149
1411330
1415445
1420035
1420822
1422557
1443028
1453007
1469855
1470379
1474354
1475584
1480271
1488217
1498584
1508314
1518191
1539427
1539869
1546044
1557397
1581363
1591607
1603266
1620874
1630868
1641320
1642422
1643394
1650759
1656252
1657889
1658660
1669755
1669770
1670901
1675200
1705929
1719191
1728872
1732251
1736362
1742300
1745690
1747390
1755595
1768694
1771482
1774193
1816778
1820239
1825471
1836864
1842297
1843983
1847808
1857362
1858708
1859417
1866081
1867085
1873919
1886758
1889640
1908730
1911580
1919504
1920051
1924361
1936319
1945534
1945778
1947574
1949035
1950055
1987408
1997715
1999936
2017309
2017335
2037813
2039092
2045096
2049698
2071890
2097721
2104092
2105076
2130747
2144540
2168501
2168707
2174389
2177315
2181074
2187978
2192265
2202956
2215951
2218046
2248938
2251058
2251140
2258780
2268401
2275244
2276705
2278609
2292419
2301013
2302417
2312169
2319586
2319823
2327892
2334987
2375087
2376067
2389496
2392281
2393467
2415714
2420068
2423390
2430028
2433648
2440207
2452207
2453358
2461749
2472202
2498746
2504705
2515092
2531949
2561089
2567976
2578550
2584623
2599186
2601488
2607156
2614651
2617260
2621818
2622442
2635574
2652961
2661752
2698648
2704281
2707628
2707840
2710055
2712031
2714044
2724456
2740190
2768307
2774680
2790389
2795198
2806606
2812193
2816612
2820946
2831742
2837895
2838384
2852891
2854034
2878552
2904514
2911864
2925999
2930998
2955841
2957068
2969614
2980076
2995019
2999202
3020358
3025957
3030730
3036711
3046451
3049217
3067322
3074217
3077153
3086867
3104313
3120860
3126130
3131997
3132653
3152623
3173507
3174006
3180721
3181412
3195892
3198766
3202545
3213094
3224920
3234430
3235735
3240668
3245213
3249730
3263037
3273087
3279018
3291812
3295823
3316944
3319003
3320320
3320798
3322741
3345899
3362402
3386110
3392153
3397546
3432244
3437381
3441602
3443378
3463788
3464940
3481912
3489070
3493008
3496384
3505339
3505587
3522134
3541145
3558640
3562199
3568746
3576175
3580813
3586591
3622702
3625259
3634014
3639705
3647253
3648659
3661436
3668476
3671687
3679463
3683377
3685276
3708997
3711412
3722541
3725797
3743557
3754502
3756235
3757170
3763871
3791650
3801851
3807696
3824985
3825762
3831580
3849905
3854845
3867128
3871045
3882481
3884809
3887128
3889878
3897343
3912787
3915016
3934132
3935159
3953692
3958142
3958213
3964272
3973318
3990745
3993514
4005583
4033443
4033977
4037948
4043795
4047989
4054721
4060048
4094598
4107964
4120090
4123770
4126188
4140781
4141548
4152388
4158610
4166037
4179312
4213404
4230817
4234200
4234466
4243708
4248933
4255392
4262944
4275595
4276142
4278106
4324274
4341049
4344488
4350478
4352784
4355716
4358812
4363220
4366603
4382603
4383037
4396494
4406472
4410420
4412634
4416575
4425494
4445974
4454618
4465770
4469778
4470348
4477111
4479497
4482336
4488112
4498739
4502156
4509653
4509784
4558086
4562344
4562917
4567001
4569537
4595239
4601875
4633420
4640315
4646870
4664284
4685621
4701307
4704306
4705109
4714688
4717586
4723367
4729345
4732157
4736414
4745600
4755321
4758358
4763561
4768416
4771562
4780152
4800460
4813119
4814962
4817951
4820140
4822067
4835491
4866285
4892992
4910601
4911607
4912427
4917523
4922338
4935163
4953594
4954081
4954164
4961455
4972163
4979062
4983744
4987935
4990380
5002927
5003261
5030464
5043425
5049340
5052340
5053291
5062485
5066669
5068852
5072641
5092334
5096192
5106691
5107602
5108907
5112383
5117012
5134472
5158122
5179958
5210805
5211125
5230185
5235086
5241230
5247866
5260048
5265549
5266114
5266422
5270146
5278926
5313751
5324525
5349694
5367006
5380583
5404127
5411203
5411736
5423092
5433062
5441187
5442417
5460753
5472663
5474312
5476437
5513829
5517659
5531253
5531311
5552295
5552974
5565118
5568462
5573529
5585276
5591157
5598785
5608172
5609917
5615860
5616681
5618380
5618711
5634760
5638841
5640272
5655473
5662461
5663764
5672531
5672969
5675451
5681485
5689459
5692981
5713475
5755044
5755674
5766076
5795607
5795827
5798734
5799342
5808117
5825185
5829091
5851946
5856599
5859968
5860998
5865906
5878243
5903332
5906768
5908544
5916961
5942861
5947082
5954003
5956759
5958157
5967875
5968252
5972475
5980043
5984689
5985701
5987970
5991464
5995481
6013288
6014783
6022414
6032912
6034655
6035173
6040183
6046614
6049777
6050967
6059762
6062943
6070096
6084530
6085183
6089591
6106711
6110888
6116496
6131336
6131970
6138974
6140368
6151355
6170676
6182776
6183425
6207487
6224672
6241241
6241528
6248918
6249902
6250454
6257116
6269104
6280995
6291312
6291944
6293868
6323543
6342868
6369196
6398982
6415482
6418371
6422159
6427927
6434221
6465288
6465719
6502920
6518582
6524318
6527013
6527794
6532325
6549293
6553532
6558118
6561274
6564685
6592915
6593986
6599842
6653378
6657628
6698037
6700824
6703314
6703345
6705677
6707859
6767799
6770909
6806313
6816776
6824825
6829531
6835468
6843189
6866641
6877203
6879068
6913816
6920173
6920353
6921984
6944394
6944552
6947101
6948697
6954664
6957838
6958961
6959858
6960134
6963228
6963248
6979528
6979949
6985332
6987990
7011486
7018049
7024184
7032771
7033481
7045005
7061377
7078153
7083759
7089818
7110005
7112995
7121311
7135021
7135910
7146316
7171377
7184358
7188999
7194230
7197279
7199977
7213472
7214836
7217654
7222078
7226003
7228178
7230158
7243683
7254494
7255276
7258568
7259081
7266653
7270705
7281057
7296871
7308189
7319029
7323641
7343675
7346441
7357304
7359019
7361645
7383083
7385783
7406639
7406797
7409539
7420147
7447485
7453509
7464288
7465952
7495545
7498417
7502029
7503393
7519180
7528722
7532729
7534524
7540023
7540508
7552669
7570390
7574687
7589136
7597796
7615252
7626893
7638167
7640391
7641062
7641125
7674107
7682280
7685261
7698301
7706895
7721545
7725990
7747063
7753649
7755054
7770445
7773983
7781214
7787119
7788712
7794552
7816279
7816444
7821048
7821691
7830264
7833819
7838419
7838694
7839757
7841879
7863443
7874121
7886142
7888926
7891595
7892290
7904863
7908495
7911878
7916193
7926473
7927982
7930132
7960255
7963887
7971304
7976152
7976401
7987574
8004646
8014734
8033935
8041202
8045514
8052833
8060470
8076884
8081382
8081783
8099871
8108245
8112799
8124458
8133081
8153025
8174079
8190514
8193024
8197987
8206097
8207135
8209292
8217580
8232724
8235722
8237010
8250104
8252242
8267688
8271183
8272175
8274466
8277762
8284428
8284528
8296830
8300100
8313422
8313911
8316305
8317816
8326131
8332842
8338130
8357312
8360017
8360863
8363132
8371258
8380438
8381507
8397598
8401586
8409417
8413205
8415658
8415969
8420341
8433256
8458380
8467235
8473059
8483287
8490307
8499495
8510512
8510526
8518537
8523635
8533580
8533628
8550518
8595991
8600880
8605374
8607418
8613146
8615541
8617381
8619083
8630105
8634592
8635075
8635102
8641913
8651525
8662485
8664536
8681379
8690473
8695637
8707786
8721002
8732838
8753624
8767269
8769023
8782144
8802357
8807928
8808392
8809983
8817929
8818554
8855894
8874261
8881323
8885604
8891591
8892465
8908578
8919265
8920902
8929324
8943702
8950226
8982917
8989466
9015583
9022239
9022882
9025510
9027105
9031744
9039427
9046110
9048523
9068740
9071552
9082764
9085422
9088409
9102883
9126983
9147450
9150082
9154397
9167072
9198581
9206041
9208238
9219792
9237486
9253887
9261162
9268658
9277503
9294050
9305574
9311585
9317916
9327673
9343888
9358635
9362989
9369531
9378544
9380748
9395895
9411116
9435017
9444955
9451420
9459833
9481094
9482850
9504481
9511110
9511221
9512628
9539158
9553394
9578722
9603258
9617769
9620571
9636301
9640257
9650439
9666932
9684331
9698167
9708236
9708240
9713285
9719123
9721080
9728434
9741440
9742949
9743416
9748488
9750399
9754243
9756235
9776350
9778274
9784177
9800673
9806167
9814545
9828851
9850207
9854681
9876122
9893176
9897957
9910372
9911889
9914459
9920587
9929239
9954095
9978901
9989222
9994000
