1000335
1001104
1001230
1003613
1004179
1004510
1005460
1006138
1008002
1008035
1009788
1011231
1011797
1012810
1013070
1017120
1017246
1018559
1018982
1019773
1020208
1021135
1021457
1021504
1022585
1022802
1025402
1025898
1026352
1026833
1026976
1027534
1028502
1029081
1029225
1030651
1033546
1034633
1034705
1035450
1036335
1037470
1037557
1037852
1038193
1041671
1042228
1042498
1044185
1045018
1047115
1047179
1047438
1047651
1047724
1047877
1047977
1048219
1051274
1051496
1051605
1052714
1053082
1053139
1053961
1054002
1055681
1056125
1057449
1058896
1058925
1059179
1059395
1060191
1061409
1061478
1064244
1064365
1067192
1067316
1068671
1069130
1069886
1070615
1070734
1071339
1072259
1072807
1073815
1074302
1074829
1076112
1076596
1077825
1078171
1078245
1078667
1079777
1080047
1080356
1080594
1080978
1082174
1082243
1082895
1082946
1083832
1086830
1086982
1087383
1089220
1090511
1091449
1092119
1092391
1092430
1093394
1095601
1096427
1099282
1099550
1100881
1102607
1104194
1104899
1105623
1106058
1107107
1108044
1108347
1109529
1109650
1110706
1111689
1113931
1114100
1115746
1118464
1118644
1119374
1119502
1120552
1120717
1120881
1121721
1121736
1123086
1123140
1123268
1123847
1124260
1125569
1126724
1127630
1128013
1129779
1129919
1130653
1130967
1133688
1137807
1138532
1139442
1139454
1139566
1139743
1141570
1145049
1146407
1147004
1147100
1147193
1147243
1148703
1148795
1149125
1149368
1151899
1152480
1153961
1154323
1154429
1155117
1155186
1155764
1157213
1160192
1160346
1160391
1161470
1161836
1162025
1162088
1163790
1163950
1164098
1164707
1165499
1166345
1167216
1167949
1168229
1169334
1169693
1172018
1172563
1173108
1173913
1175250
1176162
1178968
1179559
1179709
1180366
1183576
1185213
1185339
1185601
1185616
1186521
1187642
1189439
1192673
1192793
1194298
1196981
1197209
1197788
1199286
1199350
1200830
1201455
1202986
1205318
1206135
1206662
1206979
1207503
1209100
1209430
1210854
1214120
1214147
1215135
1215368
1215643
1215806
1216311
1217927
1218609
1219280
1220492
1223036
1223130
1223179
1223660
1225558
1230075
1230642
1231123
1231608
1231762
1231867
1232604
1234082
1235933
1236919
1238758
1238802
1240023
1241104
1241643
1243110
1243557
1244123
1244640
1244736
1246247
1246964
1247089
1249050
1250255
1252057
1255044
1256918
1257526
1257616
1259727
1262784
1263911
1264357
1264413
1264574
1265110
1265915
1270286
1271258
1273645
1274437
1274847
1275438
1275727
1275788
1276027
1276305
1276807
1277609
1277751
1277961
1280554
1280716
1286340
1288350
1289334
1289497
1291437
1291495
1291747
1297024
1297627
1297671
1298587
1300546
1301013
1301421
1301467
1301598
1302366
1304032
1305436
1305744
1305875
1306674
1307067
1307163
1310178
1310982
1312404
1314107
1314543
1315588
1318708
1318801
1319277
1319815
1321706
1322010
1322089
1323523
1324180
1324898
1325699
1325809
1326342
1328216
1329434
1330899
1331937
1332095
1332316
1334163
1334368
1334416
1335658
1335736
1338903
1339858
1339934
1340616
1341038
1341879
1342218
1342904
1343579
1346367
1348392
1350814
1350856
1353631
1354025
1356382
1356661
1357715
1360257
1361660
1362345
1362979
1363412
1364197
1366379
1366847
1369339
1369733
1370264
1370591
1371149
1371175
1371258
1372147
1373410
1373438
1373540
1376205
1377529
1377806
1378162
1378381
1379584
1380593
1381539
1382373
1383634
1383932
1385614
1385851
1392550
1392837
1392906
1393680
1395015
1395019
1396733
1397302
1398757
1400508
1401658
1402902
1406174
1406712
1407424
1407489
1407995
1408255
1408641
1410584
1411252
1411840
1412531
1415083
1415087
1415150
1419009
1419946
1421200
1422367
1423756
1423870
1424452
1425298
1426130
1426204
1426929
1427550
1428304
1429068
1429625
1429995
1431815
1431846
1432729
1434638
1434901
1434936
1435438
1437212
1437578
1441598
1441936
1442127
1442543
1442691
1443829
1444209
1444359
1444716
1446008
1447368
1450426
1451503
1452369
1452467
1453004
1455276
1456705
1457420
1459697
1459729
1461370
1461376
1463971
1463990
1469769
1470585
1470862
1471568
1472971
1473950
1474064
1474513
1475843
1476713
1477830
1478923
1479442
1480463
1480904
1480944
1481646
1481675
1483522
1483689
1483842
1484770
1485551
1487732
1487935
1488194
1489298
1490067
1491321
1491926
1492809
1493291
1493787
1494839
1498014
1498860
1501415
1503023
1505504
1505549
1507555
1508454
1509761
1511080
1511501
1512038
1517050
1518160
1518401
1519559
1521093
1523197
1523217
1523583
1524038
1524589
1528210
1528698
1529052
1529997
1531355
1532126
1533188
1533500
1533763
1534457
1537156
1537661
1538482
1539212
1540366
1540519
1543462
1544170
1544689
1545482
1546549
1546606
1546784
1547502
1547725
1547832
1548805
1549793
1549997
1551988
1553014
1553886
1554877
1554993
1555080
1557103
1557193
1558032
1558128
1558341
1558520
1558549
1558943
1559090
1562100
1562738
1563400
1564089
1564349
1564406
1564752
1565484
1565608
1567079
1567194
1568426
1569436
1571565
1572258
1572779
1573559
1575744
1576002
1576938
1577893
1578038
1578815
1580849
1583885
1584535
1585095
1586560
1587474
1589853
1589952
1591660
1592258
1592997
1593068
1594021
1594311
1600131
1600821
1601609
1602666
1603159
1603218
1604384
1604438
1605682
1605898
1606576
1606793
1611122
1613146
1613235
1613515
1613766
1614234
1615121
1619750
1624141
1624173
1624879
1625581
1625891
1626528
1626710
1627958
1629918
1630002
1630608
1632240
1633055
1634139
1634211
1635353
1638033
1639481
1639812
1640294
1640349
1640528
1641935
1642565
1642693
1642744
1642982
1644644
1645214
1645328
1646232
1646507
1646679
1648988
1649666
1651970
1652332
1652464
1653147
1653239
1653486
1654177
1654852
1657228
1657975
1658008
1658615
1658655
1658778
1661037
1665292
1666678
1666724
1667568
1667887
1668453
1669362
1670988
1671604
1672425
1672475
1673074
1673826
1674565
1674921
1675122
1675894
1678162
1678337
1679306
1681502
1682563
1683050
1684526
1684680
1684788
1684837
1685801
1686956
1687752
1689546
1690788
1690811
1691605
1692226
1693990
1694248
1694795
1695485
1696385
1698624
1700309
1700450
1701041
1701514
1701988
1702322
1702854
1703930
1705444
1707638
1708563
1709256
1709600
1713005
1713447
1714374
1716665
1717160
1717275
1719066
1720574
1721170
1721734
1721916
1722694
1723011
1723771
1724035
1724271
1724493
1726892
1726899
1727070
1727588
1731092
1732697
1733574
1733900
1735260
1736905
1737047
1737236
1738009
1738095
1738776
1738976
1739174
1739917
1740161
1740757
1740925
1741225
1743777
1744525
1744765
1745255
1745832
1747934
1748164
1748659
1750937
1751587
1752718
1754859
1755366
1758604
1760122
1760612
1760673
1761028
1762333
1762990
1763117
1766300
1766576
1770012
1770298
1772672
1772840
1773071
1773209
1778344
1778682
1778865
1779591
1781263
1782981
1783791
1784545
1785303
1785548
1786315
1787194
1787595
1787966
1788821
1788824
1789106
1789255
1789621
1789974
1790149
1791087
1791227
1791454
1794959
1795509
1796033
1796765
1797214
1798488
1799470
1800285
1800805
1801481
1802695
1803015
1804478
1805028
1806552
1806674
1806736
1807062
1807320
1807414
1809630
1810004
1810439
1810878
1812759
1813774
1813982
1814003
1814275
1814325
1814622
1815573
1816774
1816834
1817363
1817527
1817539
1819469
1820057
1823364
1823990
1824189
1824519
1824705
1825489
1826152
1826445
1826688
1827872
1828066
1828098
1829811
1830421
1831645
1833426
1833679
1838958
1840497
1841456
1841998
1844993
1845316
1846789
1847409
1847446
1847801
1848232
1850771
1850861
1852616
1854479
1854656
1855943
1856185
1856796
1857139
1859868
1861285
1861586
1862632
1864322
1864502
1864984
1865403
1865738
1865768
1865826
1866463
1866520
1867104
1867525
1868232
1869361
1870965
1871227
1871528
1872137
1872221
1872685
1872827
1873242
1874185
1875897
1876547
1878427
1879710
1880301
1881356
1882953
1883076
1883132
1884479
1884790
1885722
1886060
1886237
1887181
1887218
1887366
1889531
1889747
1890456
1891117
1891559
1891588
1892775
1893996
1895921
1896717
1896762
1899907
1901093
1901500
1901874
1902530
1905284
1905710
1907742
1910387
1911784
1912306
1916178
1916399
1917150
1917213
1918397
1918489
1919006
1920768
1921336
1921968
1922668
1923969
1924217
1929447
1930455
1933360
1934515
1934619
1935115
1936669
1937131
1937404
1938085
1938901
1939152
1939166
1939665
1941417
1943387
1944185
1944249
1944305
1944359
1944551
1945668
1946606
1947375
1947503
1948084
1948640
1949097
1949908
1950914
1954270
1954700
1954826
1955564
1956043
1956216
1956725
1959737
1959748
1960085
1961772
1961962
1962313
1963894
1963914
1964298
1964663
1965033
1966231
1966896
1968156
1968609
1969697
1970879
1971410
1971727
1971976
1973016
1973830
1974580
1976156
1976937
1977257
1983908
1985330
1987618
1988580
1990214
1993856
1994332
1995605
1995933
1997036
1997870
1999235
2000276
2001336
2004304
2004586
2008225
2008732
2009029
2009186
2016410
2016443
2019965
2021891
2022913
2024487
2024649
2024655
2024772
2024781
2024851
2025729
2025768
2027553
2027653
2029972
2030035
2030640
2032843
2033684
2033861
2034377
2035243
2035794
2036763
2037133
2037875
2038105
2038128
2038729
2039664
2039674
2040033
2042013
2042082
2042688
2042927
2043241
2043593
2046233
2046459
2048394
2048900
2049142
2049202
2050268
2050791
2051477
2054020
2054060
2054241
2055121
2055518
2058237
2060132
2060160
2060797
2060980
2061294
2061883
2061911
2064493
2064810
2064880
2067488
2068005
2068045
2069013
2069070
2069115
2069606
2072657
2073265
2073845
2075733
2076295
2078432
2078785
2078944
2080571
2080572
2080872
2081886
2082204
2084144
2084434
2084947
2085608
2085729
2086942
2092054
2093803
2094302
2096207
2096700
2097808
2099923
2101387
2103820
2104826
2104925
2105326
2106239
2108534
2109573
2111171
2111814
2111897
2114798
2115071
2115248
2117046
2118212
2118504
2119701
2119970
2120379
2121413
2123338
2125462
2125721
2126836
2127253
2130429
2131335
2131588
2131937
2131986
2132229
2132363
2132380
2132673
2133296
2133993
2135052
2135543
2136906
2138223
2138292
2141086
2141474
2141837
2141942
2141999
2142546
2142708
2142987
2143373
2149349
2150101
2151119
2151492
2151512
2153257
2155990
2156347
2157035
2158060
2158704
2160203
2161195
2161509
2163068
2164602
2166086
2167927
2168009
2169506
2169723
2170737
2171035
2172050
2172204
2172371
2172473
2174274
2174567
2174792
2175446
2176451
2177321
2178378
2178829
2179314
2182048
2182587
2182629
2185383
2185635
2185668
2186691
2188277
2189246
2191524
2194843
2194932
2195452
2197549
2198095
2199555
2200899
2200993
2202001
2202484
2203288
2203371
2203904
2205041
2206038
2207574
2207877
2209801
2210207
2211284
2213523
2213693
2214041
2215062
2215272
2215312
2215703
2216649
2217425
2217579
2219626
2220435
2221058
2222029
2222102
2222985
2223423
2223556
2225472
2228641
2229517
2231922
2232095
2232342
2233506
2234049
2234849
2236762
2238237
2239387
2242899
2243033
2246034
2247250
2247649
2247710
2248972
2249122
2252239
2252682
2252782
2252784
2253938
2255026
2255220
2255718
2256185
2256318
2256423
2258601
2258991
2263058
2263339
2265587
2266817
2266932
2267283
2267402
2267432
2267527
2267595
2267666
2268125
2269138
2269465
2271670
2271765
2272290
2272592
2273132
2273886
2274625
2275140
2275379
2275486
2276990
2277116
2277321
2278419
2278603
2279705
2281365
2281550
2282519
2284159
2284255
2285254
2285828
2286101
2286897
2287660
2290869
2292507
2292605
2292921
2294703
2294842
2296021
2297935
2298432
2298666
2300320
2300679
2300740
2305777
2307057
2308143
2314699
2315501
2316457
2316472
2317469
2318009
2318587
2319021
2319351
2319577
2320019
2320340
2320736
2321960
2323025
2323562
2325413
2325843
2326108
2326273
2328461
2328488
2331378
2333482
2333761
2334983
2335357
2335480
2335786
2336768
2338922
2339378
2340234
2340405
2340486
2340546
2342458
2342878
2343698
2344281
2344306
2346502
2347091
2347816
2348003
2348254
2348814
2353199
2356538
2357264
2358473
2358551
2359745
2360912
2362914
2364572
2366256
2367306
2367309
2368044
2368784
2369177
2369527
2369607
2372234
2373163
2375388
2375913
2376408
2377836
2378555
2378642
2379343
2381697
2382963
2382976
2386025
2386122
2386581
2387020
2388244
2388694
2388776
2389424
2390324
2395063
2395518
2395569
2395762
2396684
2397270
2397406
2397649
2397832
2399918
2401230
2403024
2403425
2403860
2403901
2404302
2404387
2404933
2405711
2405932
2406467
2406490
2406685
2406980
2408510
2408771
2409725
2410279
2410745
2411419
2411519
2413233
2413499
2413840
2414194
2414408
2414499
2415494
2416500
2418385
2420011
2420487
2420628
2421751
2422009
2423288
2423584
2423658
2426503
2427977
2429139
2429784
2430558
2430690
2430939
2431364
2432220
2435020
2435269
2435381
2436217
2436968
2437462
2437502
2438739
2438834
2439154
2439157
2440377
2440755
2441492
2443274
2443596
2444022
2446009
2446835
2446992
2447217
2447830
2448726
2449321
2449423
2450285
2450468
2452252
2454473
2456700
2457785
2458479
2458544
2459835
2460662
2462570
2464583
2465141
2466214
2466318
2467489
2468141
2468254
2470380
2471397
2472109
2472503
2472673
2472810
2473718
2474467
2474542
2474627
2474809
2474875
2475714
2477061
2480108
2480352
2482486
2482529
2485217
2485759
2486495
2489271
2489597
2490586
2491365
2492542
2492690
2493754
2494761
2496256
2497515
2497562
2497881
2498758
2498829
2500231
2500702
2500773
2500901
2500961
2501400
2501412
2502357
2502757
2505948
2505969
2507482
2508428
2511792
2512802
2513731
2514280
2514607
2514793
2514904
2515135
2515308
2515443
2515585
2515648
2517377
2517605
2518221
2518657
2519324
2520312
2520702
2520854
2521179
2521983
2523352
2523927
2524097
2525049
2526210
2527239
2527269
2528758
2529678
2529976
2530222
2530320
2530928
2531156
2533357
2533657
2534541
2535059
2535286
2535733
2535877
2536116
2537835
2538559
2539207
2539575
2539616
2539989
2540331
2540641
2540832
2541355
2543696
2543970
2545627
2546144
2547756
2548662
2549303
2550168
2550417
2554602
2555075
2558694
2559465
2559998
2560988
2562372
2562536
2564172
2564566
2564659
2565619
2565760
2566701
2567555
2568712
2571836
2572153
2572947
2574654
2575361
2576068
2578177
2579213
2579990
2580205
2580459
2581906
2581909
2582830
2582846
2582925
2587001
2587737
2588950
2589878
2590314
2591687
2591903
2592190
2592784
2594374
2596069
2597744
2597979
2598395
2601258
2601679
2602179
2602417
2602960
2604843
2605304
2605510
2606268
2606394
2608511
2609414
2609550
2611968
2612629
2614440
2614492
2618304
2620263
2621416
2621452
2621515
2621871
2621945
2623761
2623905
2625890
2628334
2629105
2629542
2630241
2631714
2632085
2634310
2635966
2636892
2637682
2638235
2638932
2639046
2640896
2641293
2641751
2641943
2642015
2642344
2642718
2643448
2643879
2643927
2644296
2644581
2644722
2644914
2645143
2645505
2646480
2647481
2647834
2647956
2648559
2648869
2650474
2651466
2651822
2652082
2653798
2653967
2655752
2657289
2658273
2659289
2659395
2660252
2660648
2660960
2661383
2662563
2662713
2663419
2666771
2667027
2667056
2667078
2667646
2670731
2672151
2672158
2673504
2673624
2674079
2675735
2676012
2676189
2677941
2678703
2679197
2680225
2680407
2680500
2680653
2681705
2682546
2683988
2684228
2686901
2687865
2687894
2689922
2690088
2691688
2692663
2692789
2693268
2693394
2694149
2694602
2695116
2696031
2697597
2697782
2698559
2699179
2703425
2703554
2703569
2704608
2704791
2704909
2705784
2705894
2707590
2708429
2709772
2710821
2711878
2713096
2714093
2714380
2715672
2716309
2717251
2719691
2719810
2720275
2720940
2722057
2723891
2724154
2725085
2725124
2725351
2727601
2727915
2728213
2728564
2729648
2729653
2731754
2731757
2733156
2733436
2734322
2736147
2736804
2736880
2737930
2738233
2739241
2739471
2740313
2740541
2740816
2741463
2742438
2743592
2744181
2744422
2744802
2744964
2747201
2747640
2748835
2749641
2751201
2751576
2751772
2752918
2753096
2753219
2753277
2753374
2753703
2753894
2754384
2754560
2754681
2754794
2755399
2755654
2755833
2756155
2757947
2760698
2760894
2761940
2765309
2765533
2767478
2767800
2770215
2771317
2773044
2773235
2773295
2773508
2773972
2775722
2777531
2777654
2778185
2778530
2780075
2780574
2780875
2783369
2783839
2785373
2786085
2787950
2788196
2788269
2788738
2789627
2789729
2790791
2791760
2791899
2794198
2794224
2794463
2794615
2795703
2795714
2796330
2800756
2801112
2801668
2801962
2802652
2802770
2804866
2805138
2805706
2805753
2806201
2807601
2808102
2808187
2808577
2808977
2810492
2810602
2811159
2813875
2814445
2814798
2815898
2816003
2816836
2817057
2817255
2818792
2819411
2820365
2821680
2822084
2823138
2824747
2825208
2825793
2826403
2826419
2827566
2827660
2829878
2830716
2832362
2832950
2833131
2834654
2835282
2835362
2835405
2835460
2836129
2836242
2836286
2838047
2839797
2839914
2840059
2840842
2841779
2841807
2843853
2844047
2844863
2845321
2845394
2845418
2845512
2846349
2846437
2846531
2846537
2848071
2848806
2848849
2850964
2851585
2851822
2852089
2853768
2853789
2853803
2855027
2855250
2856912
2857345
2859334
2859722
2859955
2860088
2860378
2860520
2860552
2860822
2861438
2861844
2864838
2866150
2866411
2866801
2868230
2868762
2870491
2870625
2873039
2873296
2874059
2874158
2874564
2874814
2875301
2875964
2876013
2877062
2877311
2877528
2877864
2878060
2881064
2881587
2881940
2882532
2883284
2883288
2883571
2883715
2883764
2883857
2883869
2884741
2884792
2888301
2889844
2890394
2890404
2890987
2891529
2891989
2892009
2892777
2893502
2893566
2893915
2894231
2895428
2897356
2897647
2898245
2898318
2898406
2898542
2900393
2902144
2902706
2904077
2904117
2905809
2906793
2908924
2910404
2910880
2910906
2910971
2911238
2912313
2912865
2912965
2913315
2913443
2915991
2916751
2917000
2921576
2924767
2925840
2926782
2926853
2927465
2928693
2929367
2929720
2930098
2931514
2931590
2931838
2932071
2933687
2936225
2936720
2936931
2937207
2937827
2938376
2938861
2939912
2941282
2942161
2943748
2944689
2944712
2944716
2945469
2946193
2948485
2949152
2949625
2950257
2950394
2950933
2953210
2953271
2954838
2958203
2960989
2961335
2961883
2962218
2962446
2963166
2963251
2964581
2964901
2966269
2968887
2969084
2969655
2970254
2970900
2971720
2971845
2972379
2973259
2974240
2975624
2976026
2977957
2978207
2979643
2980919
2981449
2984425
2985044
2985064
2985630
2987852
2988273
2989558
2989611
2990606
2991519
2992216
2993921
2994642
2995194
2996570
2997461
2999322
3000674
3000960
3002326
3002462
3004167
3005081
3006124
3007805
3008177
3010032
3011252
3011517
3011928
3012078
3012328
3012586
3013129
3014106
3015441
3017918
3018591
3021895
3024407
3024899
3024933
3024989
3025474
3025641
3025717
3026157
3028352
3028679
3029353
3030401
3031966
3034625
3034780
3034934
3037822
3039370
3039791
3039802
3041821
3041874
3042051
3043219
3043811
3044470
3045266
3046067
3046080
3046507
3046973
3047734
3047840
3050550
3052273
3053315
3053811
3055465
3055995
3056742
3059464
3059489
3059648
3059699
3060255
3061527
3062158
3062953
3063071
3065506
3065614
3065805
3066404
3066519
3066852
3067318
3068269
3068766
3071119
3071957
3071979
3072667
3074568
3075194
3076337
3076357
3079979
3080393
3080563
3081839
3081935
3082336
3083186
3083214
3083807
3085331
3089716
3089908
3090072
3090439
3090520
3092714
3093056
3095867
3097534
3098047
3098193
3098677
3099265
3099382
3100323
3102315
3103626
3103704
3103975
3105840
3106386
3107369
3107438
3108119
3108294
3108346
3109809
3110376
3111497
3113126
3114676
3115673
3115689
3116477
3116858
3118211
3118475
3120385
3120402
3125339
3125605
3126784
3127719
3128426
3130670
3131795
3133374
3133482
3134010
3134685
3135400
3135914
3136205
3139021
3139127
3140676
3141029
3142402
3146619
3147361
3147749
3147867
3148378
3148646
3150145
3150151
3150347
3151372
3152181
3152287
3152343
3153451
3153660
3154413
3154588
3155448
3155610
3156023
3156508
3160108
3160410
3160908
3161204
3162938
3165443
3166292
3168483
3169094
3169101
3170416
3171582
3172894
3174942
3176409
3177235
3177716
3179183
3180183
3181896
3182458
3183144
3183590
3184941
3185562
3185925
3187685
3188488
3188759
3189060
3189676
3189962
3193710
3194875
3196421
3197084
3197532
3197532
3198133
3198914
3200375
3201040
3201661
3201747
3202882
3202884
3205386
3205959
3206388
3206880
3207927
3208621
3208705
3208878
3209361
3210052
3211472
3212822
3213713
3214817
3215128
3216060
3217554
3217654
3218141
3218326
3218968
3218999
3219542
3220083
3220963
3221363
3222327
3223397
3224331
3225579
3225697
3226174
3226380
3228511
3232179
3232628
3233051
3233289
3233903
3234143
3234365
3235212
3236162
3236482
3239502
3239705
3240096
3240124
3240527
3240681
3241658
3243764
3243981
3244024
3244230
3247862
3248818
3251915
3252925
3253519
3255463
3255590
3255994
3256129
3259480
3259832
3259963
3260286
3261118
3262822
3265764
3266407
3268126
3270967
3271671
3274643
3276299
3277775
3280866
3281247
3281254
3281881
3282334
3283181
3284731
3285409
3287220
3287449
3289631
3290895
3291520
3292244
3292349
3293554
3293602
3294070
3295322
3295475
3295951
3296759
3296765
3297771
3298385
3298625
3298768
3299937
3300137
3301143
3301475
3302198
3302399
3302527
3304247
3305688
3306246
3307133
3307232
3307374
3307713
3308868
3309156
3309478
3309893
3310559
3311490
3312243
3312551
3313183
3313721
3314236
3315388
3315676
3316491
3319664
3321941
3323418
3324919
3325458
3325613
3325808
3326692
3327748
3328118
3328122
3329294
3330318
3331217
3331466
3331473
3331587
3332539
3333236
3334240
3335158
3335994
3336522
3337079
3337279
3337542
3337742
3340843
3341120
3342080
3342982
3343459
3343614
3343789
3344540
3346940
3347084
3348320
3348979
3349633
3349697
3349719
3350089
3354407
3355066
3355755
3357132
3358564
3359444
3360104
3360149
3360217
3360623
3361435
3361443
3363499
3365309
3366872
3366897
3367853
3368395
3369956
3370890
3373683
3375260
3376562
3376622
3377051
3377303
3378437
3378668
3380466
3381755
3382628
3384865
3386569
3386753
3387357
3389072
3389371
3390670
3391644
3392073
3392757
3393016
3393549
3394565
3394960
3394960
3396960
3397126
3397597
3399630
3400110
3402004
3403065
3403410
3403507
3404770
3406333
3409672
3410944
3412873
3414864
3416059
3419805
3421078
3422931
3423386
3423568
3425327
3426612
3428408
3430262
3432035
3432060
3432336
3436157
3436713
3437476
3438257
3439399
3443611
3444817
3445863
3446305
3447440
3449877
3451316
3451399
3451833
3451957
3452015
3452761
3453283
3454249
3454954
3454971
3455333
3455621
3455716
3456257
3456447
3456525
3456808
3457028
3457190
3461528
3461563
3462397
3462525
3462531
3463345
3464687
3464769
3464835
3465662
3467059
3469636
3470940
3472549
3472795
3473526
3474858
3475099
3475457
3476542
3477448
3477752
3478224
3479607
3482558
3483192
3483665
3483858
3484110
3484276
3484658
3486251
3488065
3488150
3491720
3492138
3493139
3495667
3497145
3497575
3497989
3501981
3502812
3503885
3505405
3505991
3506301
3507313
3508006
3509087
3509831
3511186
3511505
3513757
3513873
3514428
3514742
3518084
3520083
3520914
3521554
3522221
3522478
3522964
3523650
3524679
3525075
3526754
3527471
3528435
3529593
3530642
3532579
3532638
3533597
3535377
3537207
3538166
3538395
3539331
3540117
3540373
3542524
3543519
3544127
3546061
3546904
3549468
3549841
3552397
3552754
3553655
3554630
3555146
3555690
3556700
3556907
3558104
3558251
3558673
3558959
3559347
3561847
3562520
3562586
3565073
3566245
3566950
3566969
3572870
3573034
3573518
3574098
3574099
3575008
3575084
3575562
3577139
3577298
3578612
3579455
3579993
3580356
3582394
3583231
3583741
3584292
3584482
3584536
3585794
3586596
3587870
3589199
3589368
3590524
3591231
3591732
3592398
3593456
3594085
3594396
3594986
3595175
3595504
3595918
3597614
3598225
3598705
3601193
3602899
3603407
3605628
3609059
3611692
3611696
3612479
3613392
3614170
3614199
3614342
3614404
3614535
3614717
3616050
3616390
3616527
3616953
3617833
3618226
3619049
3619511
3621876
3621933
3622205
3622892
3626261
3626657
3626808
3626815
3627199
3628790
3629225
3629446
3630033
3631219
3631367
3631557
3631809
3632293
3632496
3633033
3633056
3633193
3633280
3633295
3633381
3635626
3635897
3636039
3636154
3636567
3636988
3637239
3637535
3638289
3638702
3639291
3646811
3647093
3647633
3651890
3652943
3652987
3653683
3654690
3654984
3655890
3656739
3656881
3656939
3657402
3658534
3658876
3660619
3660974
3661573
3662452
3663548
3664004
3664294
3664975
3665895
3669344
3670165
3671047
3671182
3672501
3675435
3675922
3676302
3677095
3679821
3680768
3681301
3681941
3682983
3683169
3683305
3684425
3684619
3685919
3686152
3689684
3690690
3690912
3691872
3692010
3692386
3692501
3694207
3694352
3694559
3694919
3695588
3697055
3697381
3697908
3699646
3699712
3700330
3700541
3700551
3700702
3700835
3702220
3702366
3703819
3703868
3704294
3704910
3705201
3706421
3706606
3707963
3709191
3709380
3709508
3710123
3711588
3712562
3714245
3714648
3714876
3714973
3715164
3717216
3718339
3718987
3720366
3722724
3723097
3723985
3724072
3724588
3724862
3725376
3725408
3725673
3726861
3727045
3727572
3728154
3728899
3729192
3729821
3730211
3730581
3730656
3731334
3731550
3732392
3732847
3733124
3733143
3734223
3735337
3736192
3736204
3736396
3736623
3736996
3737254
3737567
3737679
3739457
3740729
3741187
3741237
3742385
3743093
3743419
3743618
3744285
3747241
3748768
3748817
3748991
3750301
3750430
3750442
3750732
3752575
3752630
3752668
3753198
3753623
3754725
3755474
3755999
3756215
3756402
3756549
3757220
3757856
3758391
3758710
3759497
3761074
3761271
3764727
3765463
3768601
3769521
3770549
3770852
3771180
3771441
3771620
3772310
3772654
3772742
3774328
3774561
3775203
3775591
3775793
3775804
3776606
3777585
3778140
3778529
3780007
3780339
3781826
3782667
3783736
3787470
3789032
3790821
3791991
3794731
3795488
3795759
3796940
3797272
3797342
3798151
3799051
3800177
3801236
3801746
3803128
3803209
3807239
3807486
3812248
3812384
3812576
3814320
3814623
3814991
3815281
3816720
3816739
3817346
3817602
3818317
3818817
3819548
3822110
3825705
3825747
3827833
3828681
3829095
3829367
3829492
3830193
3830868
3831483
3834114
3834148
3834514
3835056
3835088
3835767
3837174
3838883
3839391
3839935
3840199
3841222
3841951
3842601
3844941
3845485
3846655
3846848
3847444
3847668
3849002
3849332
3850470
3850701
3850871
3851706
3852014
3852639
3855260
3856205
3858407
3859323
3861332
3866773
3868182
3870372
3873205
3873515
3875342
3876660
3877613
3880755
3881189
3883328
3883991
3884643
3884747
3884827
3885843
3886599
3887000
3887652
3888987
3889013
3889129
3890105
3890182
3890272
3891220
3896167
3896425
3896900
3897259
3897524
3897816
3898934
3900491
3900498
3900526
3900700
3900824
3902298
3904035
3905190
3905415
3906039
3906074
3906932
3909824
3910070
3911392
3913593
3913954
3915014
3915510
3915575
3917270
3917767
3918169
3918211
3918857
3920147
3922339
3924407
3925010
3926448
3927317
3927571
3928629
3928635
3929794
3930265
3931912
3932049
3934461
3934563
3935221
3941774
3941833
3942491
3942631
3943514
3943706
3944194
3945588
3946384
3946589
3947342
3952872
3953630
3953720
3954044
3954216
3955012
3955384
3955640
3956176
3956934
3957170
3957225
3958587
3959485
3959509
3959898
3961346
3961848
3963392
3963555
3964132
3964679
3966850
3971273
3973904
3974180
3974235
3975703
3976241
3977737
3977794
3979092
3979148
3981076
3981490
3981712
3982713
3982948
3983530
3984534
3984605
3985063
3985201
3985532
3987737
3987856
3988635
3990746
3991699
3992070
3993385
3995970
3996156
3996367
4002000
4004469
4004769
4005541
4010304
4010898
4011380
4011903
4012025
4012230
4012289
4012672
4012751
4012916
4013122
4013309
4013794
4014845
4015404
4015435
4016141
4018312
4018331
4018385
4018782
4018973
4019324
4021457
4023710
4024445
4025261
4027286
4028762
4029337
4029620
4029787
4030384
4030419
4030715
4031903
4032072
4032304
4032438
4033215
4033266
4034061
4036776
4037818
4038668
4041342
4042528
4044673
4044912
4047576
4049382
4049784
4050177
4050508
4050737
4051312
4051474
4052176
4052841
4054316
4054325
4054749
4056702
4057756
4060531
4061119
4061241
4061440
4061525
4064796
4064982
4065925
4066933
4067229
4067478
4068932
4069642
4071423
4072233
4072925
4073425
4073502
4073544
4074539
4075281
4076059
4078699
4081239
4081551
4081877
4082581
4082644
4084396
4084946
4085269
4085654
4086623
4090000
4090553
4091074
4092547
4093404
4093594
4095585
4095781
4097668
4097782
4098275
4098338
4098836
4099056
4099458
4100197
4100930
4101573
4103169
4103266
4104199
4104698
4105103
4105382
4105598
4105851
4107452
4109409
4109630
4111487
4112067
4114337
4115191
4116610
4116863
4120499
4122033
4122637
4124748
4125205
4125968
4126078
4129151
4129597
4134634
4136715
4137628
4139043
4140456
4141651
4143769
4145017
4146547
4147022
4147799
4148692
4151081
4151544
4151616
4152533
4152850
4152871
4153419
4154358
4155239
4155630
4156168
4156322
4158165
4160579
4161147
4162122
4162406
4163314
4165049
4165535
4166166
4166875
4168430
4169021
4169249
4170328
4170582
4173602
4175728
4176220
4176369
4176385
4176836
4177244
4177363
4177960
4183620
4184865
4184955
4186187
4186344
4187331
4187958
4188852
4188898
4189133
4190561
4190963
4192054
4192288
4193266
4194106
4197273
4198056
4198447
4198508
4201154
4203452
4204806
4204825
4204900
4205882
4206586
4207786
4208765
4209355
4209361
4209492
4209564
4210564
4211659
4211725
4213305
4214462
4215412
4216027
4217832
4217864
4219935
4219942
4221168
4221244
4221416
4222045
4222769
4223397
4224731
4226498
4226775
4229060
4229377
4229947
4230397
4230609
4231401
4232153
4232576
4233867
4234315
4234571
4234773
4234891
4235139
4235841
4238949
4239448
4239694
4239870
4240765
4241058
4241342
4241416
4243159
4243223
4243657
4246670
4246908
4246940
4247568
4248308
4249110
4250094
4250929
4253627
4254103
4254209
4254395
4255587
4255829
4255918
4257008
4258775
4259802
4260315
4262287
4265037
4266381
4267365
4267732
4268177
4268565
4271343
4272780
4274213
4274249
4275252
4275340
4275359
4275721
4276013
4277198
4278288
4278353
4278511
4278590
4278922
4281301
4281506
4281532
4283819
4284098
4286213
4288136
4288889
4289263
4291912
4292746
4293888
4294626
4295219
4297300
4297490
4298034
4298665
4299298
4299346
4300525
4301621
4301913
4302285
4303016
4303919
4304314
4305243
4307437
4307464
4307571
4307702
4308180
4310674
4310995
4313396
4315097
4316264
4317583
4317827
4320568
4320704
4322134
4322281
4322764
4323753
4324049
4324073
4324225
4324371
4324524
4325418
4325533
4326686
4327076
4328529
4341319
4343364
4344390
4345343
4346918
4349220
4349564
4350218
4350663
4351206
4352042
4352979
4354225
4354695
4355942
4356385
4359600
4362019
4364396
4365319
4366426
4368622
4368810
4369321
4371918
4372032
4372431
4372785
4374748
4375133
4376422
4376542
4380746
4382321
4382438
4385245
4385375
4385557
4387522
4387942
4390362
4391581
4391653
4392286
4392729
4393966
4396241
4398367
4398514
4399488
4399556
4399819
4400115
4400189
4400880
4401273
4401465
4401885
4403670
4403745
4403954
4405198
4406472
4407726
4408009
4408051
4408861
4409527
4409884
4410830
4411815
4412416
4413475
4414024
4416273
4417548
4417671
4418497
4419333
4420270
4421251
4423111
4424806
4425054
4425349
4427023
4428484
4428712
4431303
4431317
4432331
4433433
4434797
4435435
4436616
4437781
4438714
4439543
4439561
4440311
4441145
4441667
4442462
4446373
4446525
4447870
4447875
4448257
4449080
4449268
4449575
4449830
4450939
4451756
4453176
4453719
4454462
4455297
4456129
4456623
4457424
4458380
4460816
4465224
4466892
4467599
4469327
4469814
4472013
4472902
4473073
4474941
4475052
4476453
4476666
4476827
4477511
4479170
4479263
4480082
4481404
4481432
4482447
4482958
4485212
4485474
4485747
4486298
4487186
4487509
4488281
4488962
4490610
4491658
4493525
4494108
4495917
4498530
4498596
4500079
4502509
4502882
4503281
4508156
4509540
4509627
4510641
4510675
4511149
4512937
4513371
4514642
4515604
4515697
4516032
4516569
4518054
4518187
4518588
4519672
4523167
4524351
4525688
4527452
4527828
4528534
4528561
4528725
4528874
4529572
4531382
4531513
4532985
4533004
4533481
4535047
4535252
4537047
4537917
4538915
4539653
4540501
4541052
4541763
4542730
4543604
4543737
4546693
4546985
4547331
4547909
4548250
4549389
4552181
4552578
4554441
4554667
4554689
4554913
4555131
4555386
4557202
4557874
4558116
4561073
4561172
4561363
4563018
4563036
4564071
4567312
4567506
4568003
4568414
4569170
4570004
4571005
4571916
4573101
4573574
4573863
4574080
4575964
4576696
4576720
4576904
4578806
4582076
4582776
4585379
4587070
4587363
4589593
4589881
4590073
4590235
4590306
4590453
4591436
4591881
4592222
4592272
4593429
4593930
4594991
4595014
4595506
4596030
4597187
4597426
4597837
4598135
4603518
4604274
4604410
4604566
4604840
4604900
4605627
4607169
4607639
4608012
4609769
4610905
4611455
4611565
4612389
4612963
4616387
4619442
4620098
4620150
4621278
4621392
4622617
4624003
4625115
4625183
4625192
4625501
4625806
4625958
4625958
4626587
4628152
4628381
4630274
4630558
4630586
4630808
4630906
4631966
4632638
4633182
4634244
4635035
4635680
4636031
4636300
4636895
4639266
4639752
4640750
4642397
4642787
4643003
4643989
4644237
4646928
4647398
4647800
4648107
4648657
4648689
4648774
4648947
4649524
4649762
4650518
4650536
4651017
4651687
4653566
4653691
4653984
4654001
4654480
4654809
4655449
4655679
4655913
4656042
4656390
4657868
4659731
4659794
4661725
4663440
4663502
4663734
4664028
4664464
4664581
4664659
4664712
4664738
4665609
4665979
4666277
4666560
4666876
4668055
4668097
4668870
4670139
4670868
4672499
4673703
4674156
4674318
4674559
4675743
4676100
4677559
4677749
4678613
4679497
4680156
4680868
4681339
4681974
4683190
4683689
4683846
4685548
4685663
4687175
4688382
4688705
4689075
4690197
4691061
4691857
4693207
4695588
4695753
4696706
4696771
4697165
4697218
4697860
4698882
4699691
4702724
4703119
4705187
4706547
4707742
4708110
4708408
4709391
4709645
4710663
4711359
4711891
4711962
4712451
4712568
4713406
4713555
4718047
4720942
4721234
4722074
4722143
4722247
4722462
4723299
4723665
4725674
4726440
4727058
4727241
4728606
4732160
4732824
4732988
4733048
4735066
4736176
4736304
4736409
4737301
4737631
4737860
4739370
4740023
4740235
4740710
4744786
4745285
4751114
4751421
4752155
4753128
4753871
4754941
4757547
4757555
4758949
4760198
4763249
4764894
4765580
4765745
4766403
4768680
4769998
4770492
4771114
4772634
4773048
4774341
4774869
4775033
4777222
4779021
4781222
4781688
4782700
4783011
4783269
4783921
4784528
4784660
4784988
4786635
4787601
4787918
4788259
4791929
4792926
4794078
4794414
4794603
4795553
4796135
4796274
4796420
4799803
4801494
4801597
4801904
4802328
4803382
4806711
4807372
4808213
4808521
4808817
4809465
4811435
4811558
4812096
4814306
4815419
4815532
4815550
4815773
4816219
4816458
4816795
4819533
4819761
4820086
4820678
4821366
4821698
4822331
4822680
4822742
4822792
4823633
4823636
4823665
4825135
4826351
4827029
4827116
4827422
4828201
4828453
4828516
4830953
4831102
4831409
4832221
4834298
4835246
4835251
4835609
4836234
4836387
4837677
4838033
4839207
4840973
4841118
4841284
4841925
4844263
4844677
4846338
4846947
4847188
4849692
4850221
4850234
4850501
4853233
4853341
4854934
4855360
4855434
4856477
4856517
4858328
4859542
4860252
4860352
4860981
4861247
4864438
4865552
4865637
4866007
4867141
4868307
4868614
4870658
4872474
4872838
4873014
4873570
4874417
4874916
4876821
4877889
4878592
4879309
4879739
4879973
4880164
4880733
4880868
4881245
4881417
4882392
4882621
4884240
4886937
4887223
4887255
4887340
4887386
4889531
4890090
4891682
4893971
4894207
4894879
4895733
4898464
4898796
4900177
4901544
4901657
4902348
4902560
4907798
4908158
4908928
4910467
4914203
4914749
4915249
4916408
4917011
4917684
4920490
4921256
4921586
4922402
4922738
4924520
4925479
4925815
4926336
4927505
4928310
4929308
4929450
4929654
4930909
4934683
4935081
4935898
4936116
4936221
4937389
4938009
4939209
4939768
4939869
4940501
4940605
4941680
4943017
4943315
4943441
4944241
4945280
4946226
4946790
4946820
4947676
4948087
4950406
4950517
4950815
4951820
4951940
4952334
4952739
4957754
4957888
4960199
4964079
4964256
4964684
4965757
4965777
4966780
4967876
4969723
4971205
4971772
4972786
4973441
4973712
4973849
4974535
4977103
4978094
4980072
4980164
4980448
4982918
4983380
4984547
4985354
4986265
4987126
4989121
4989169
4990009
4991136
4991394
4992153
4992671
4992717
4993090
4994383
4994843
4994897
4995668
4996572
4997842
4998458
4998579
4999070
4999482
4999949
5000259
5001384
5002223
5003053
5003934
5004718
5006630
5008633
5008646
5010337
5011304
5011565
5011707
5013229
5014241
5014755
5016862
5017014
5018166
5018757
5019810
5020460
5021820
5023106
5024654
5026910
5029165
5030766
5031837
5032383
5035931
5038569
5040104
5040403
5042081
5042082
5042689
5042932
5043882
5044783
5045055
5047004
5047182
5048325
5048670
5048909
5049534
5049911
5052242
5055037
5057162
5057343
5057355
5057462
5058656
5058777
5059232
5060114
5060671
5061005
5061409
5062671
5065198
5065794
5067039
5067466
5067588
5068431
5068627
5068935
5069710
5070349
5071595
5071625
5073273
5074067
5074232
5074275
5075802
5077103
5077906
5078461
5078694
5079052
5079199
5079652
5080352
5080771
5083030
5083197
5083542
5084820
5085824
5088445
5088661
5089253
5090303
5090801
5090975
5091710
5093473
5094216
5094560
5094813
5095430
5095780
5099309
5099513
5099514
5099623
5099755
5100495
5102034
5105675
5106058
5106102
5106162
5108355
5109109
5109754
5109767
5109838
5110024
5110120
5110287
5111005
5111437
5111865
5111900
5112940
5113833
5113887
5114948
5115031
5115139
5115381
5115507
5120636
5120738
5121016
5121216
5121458
5121552
5122013
5123538
5125254
5125586
5125716
5126132
5127288
5127835
5128397
5129411
5129790
5129800
5129967
5130426
5130571
5131474
5131815
5132585
5134263
5134537
5136017
5136217
5137092
5137509
5139119
5139468
5141177
5141732
5141881
5142387
5143092
5145019
5145206
5147233
5148036
5150116
5150841
5152320
5153008
5153359
5154576
5154669
5155841
5158950
5160720
5161107
5161146
5163218
5165490
5166631
5167440
5168274
5168330
5171669
5172013
5172030
5172544
5172819
5174011
5174191
5174301
5174447
5175022
5176902
5177880
5178446
5178455
5178839
5179006
5179266
5179634
5182409
5185253
5187103
5188724
5188913
5189518
5189972
5190806
5191098
5191329
5191919
5192137
5193958
5195020
5195108
5196378
5197899
5200685
5200925
5200983
5206592
5206609
5207048
5207665
5208551
5208642
5208847
5210145
5211090
5213027
5213299
5216106
5216415
5217218
5217303
5218753
5220402
5221647
5221833
5224581
5225965
5230371
5232589
5233566
5235609
5235824
5236433
5236434
5237320
5238779
5239606
5239787
5239982
5240752
5240773
5241434
5241627
5241709
5242062
5242096
5242780
5243052
5243687
5243786
5244789
5245806
5246500
5248325
5252203
5252424
5254013
5254244
5254363
5254624
5254884
5256533
5258124
5259072
5259269
5259321
5261087
5261223
5261985
5262098
5263393
5264042
5265331
5265352
5265644
5265783
5266022
5266968
5268306
5270219
5271760
5272681
5274061
5276116
5276448
5277657
5277869
5279112
5280299
5280312
5282108
5283174
5284125
5284764
5286398
5287414
5288065
5289405
5291653
5292627
5292885
5293510
5295247
5295311
5295931
5296264
5299981
5300188
5302235
5306418
5308523
5308644
5309781
5310242
5310302
5310595
5310789
5311587
5312001
5312417
5313073
5314225
5314633
5314855
5315135
5315384
5315623
5316467
5316719
5316881
5319290
5319360
5319914
5322127
5324170
5324750
5324998
5325361
5325469
5325704
5327227
5331882
5333353
5334779
5337586
5343424
5343833
5344086
5345012
5345077
5345679
5348314
5348364
5348444
5349420
5349604
5350604
5351609
5351723
5353417
5353999
5355041
5355395
5357995
5358221
5359400
5360159
5361004
5363429
5363647
5364963
5366246
5372629
5372875
5373282
5374609
5374874
5376482
5378397
5378707
5380372
5380826
5381141
5381839
5382247
5385299
5385375
5385508
5385859
5387126
5387879
5390489
5391740
5392141
5392576
5393562
5393746
5394429
5396184
5399570
5399902
5402400
5402522
5402595
5404184
5404520
5404778
5405618
5408874
5409407
5411549
5411855
5413192
5415307
5418576
5419175
5419905
5421368
5421395
5422047
5422755
5422989
5423596
5423656
5423967
5425114
5426933
5427073
5428114
5428162
5428342
5429894
5429914
5430464
5430682
5430983
5431362
5432040
5432548
5433015
5433440
5433813
5434184
5434709
5435388
5436118
5436443
5436462
5437279
5437397
5437620
5438557
5439307
5440231
5441627
5445016
5445260
5445887
5446170
5447213
5447614
5447645
5447742
5448488
5448907
5448995
5450434
5451220
5451222
5451380
5454407
5454564
5454868
5454966
5455181
5455488
5455621
5457168
5457250
5457477
5460936
5465674
5465870
5466437
5467908
5468523
5468824
5469152
5469971
5469971
5470253
5470311
5470582
5472110
5474404
5474952
5475091
5476223
5476475
5477495
5478640
5478814
5478934
5478989
5479855
5480142
5480637
5481288
5482422
5482986
5484398
5484944
5485103
5485542
5487213
5487556
5489756
5490112
5491023
5491950
5492276
5492353
5493263
5494489
5494668
5495157
5495645
5496277
5496305
5496579
5496658
5496897
5497340
5497884
5497976
5499535
5499829
5505814
5506377
5509536
5510355
5511894
5513071
5513547
5514745
5514798
5515025
5517980
5518390
5518423
5518641
5520549
5520871
5521252
5521518
5521862
5522087
5522940
5523399
5525781
5527642
5530805
5531287
5532338
5534018
5534961
5535242
5538499
5538689
5539890
5541740
5543713
5544959
5545568
5546994
5547612
5548254
5549793
5551778
5552853
5553904
5554298
5555062
5555673
5555810
5556340
5556611
5558195
5558306
5558622
5559162
5559408
5559760
5560240
5561443
5562025
5562244
5562707
5563329
5565936
5567657
5567847
5571619
5571849
5572129
5575051
5575200
5575450
5575947
5576160
5577036
5577330
5577837
5578257
5578288
5578798
5579066
5579150
5580993
5581388
5582269
5582321
5583039
5584077
5584096
5584922
5585623
5586731
5586923
5587161
5587241
5588724
5589599
5590484
5591437
5593223
5593447
5595462
5596240
5597557
5597611
5598097
5599084
5599089
5601176
5602038
5603728
5604554
5605936
5606416
5606959
5607178
5608585
5608677
5610497
5610521
5610794
5611658
5611973
5613327
5613881
5614602
5615022
5615827
5616314
5618493
5621907
5623289
5623314
5624513
5627083
5628357
5629297
5629580
5630640
5630853
5631565
5631698
5633030
5633108
5635103
5635335
5635661
5635730
5636618
5637475
5639914
5641368
5641557
5641939
5642234
5642831
5644564
5644867
5645333
5645919
5647271
5647395
5647624
5647841
5648130
5649594
5650657
5650681
5652546
5653432
5655409
5656615
5657015
5659236
5660290
5661588
5661978
5664180
5665933
5666367
5666495
5667452
5668083
5668588
5670660
5671331
5672085
5672165
5673629
5675924
5676177
5677359
5679501
5680446
5682046
5682553
5688414
5690812
5691176
5691286
5693079
5693314
5694586
5695546
5697967
5698128
5700478
5700989
5701371
5702474
5702632
5703133
5704368
5705399
5706749
5707646
5707760
5707879
5708850
5708944
5710995
5712342
5713654
5715331
5716619
5716691
5718367
5719168
5719319
5720624
5721154
5723952
5724816
5726713
5727640
5727864
5728009
5728262
5728452
5729083
5729338
5730910
5731367
5732392
5732407
5732431
5732955
5733870
5733914
5736300
5737815
5738376
5738849
5740448
5740676
5741674
5742881
5743649
5743755
5744353
5746239
5746583
5747866
5750087
5751395
5752831
5753667
5754065
5755001
5755734
5757403
5759284
5760139
5760230
5763497
5763649
5764082
5764255
5764951
5767387
5767599
5768453
5769313
5771036
5771927
5772176
5772428
5775182
5777381
5778131
5778857
5779907
5782088
5782727
5782804
5783135
5785269
5786001
5792930
5792990
5793216
5793473
5795373
5795662
5795678
5797088
5797657
5798316
5800185
5801440
5801554
5802288
5802621
5803234
5803779
5803821
5804860
5805747
5806282
5808173
5808572
5809153
5809482
5809913
5810034
5811312
5812203
5813024
5813791
5813835
5813865
5813924
5814669
5815650
5815993
5816215
5816590
5817571
5818080
5818695
5820323
5820614
5820792
5821667
5824202
5825054
5825721
5827175
5828141
5829341
5830410
5830595
5830848
5831081
5831392
5831832
5832474
5832657
5832833
5833900
5834151
5835115
5835930
5836031
5837370
5840036
5840666
5843042
5843130
5843356
5845303
5845727
5848681
5848774
5849300
5849674
5849874
5850415
5851621
5851877
5851881
5852376
5852670
5855011
5855393
5856914
5857906
5860032
5862483
5862649
5862703
5862964
5864994
5865107
5866620
5866663
5870842
5872077
5873590
5873698
5875655
5875878
5875983
5877346
5877840
5881731
5882371
5884622
5885885
5889198
5889423
5892193
5894570
5894676
5895306
5896036
5896994
5898039
5898348
5899142
5899385
5901492
5902617
5902650
5904255
5906021
5906163
5906410
5908667
5908779
5908817
5909169
5909261
5910869
5912305
5913040
5913331
5914108
5917283
5917896
5918408
5919558
5920662
5921157
5922424
5922433
5924260
5926217
5926600
5926769
5927715
5928640
5928720
5928877
5929608
5930492
5931330
5931601
5932361
5933283
5934411
5937250
5937377
5937782
5937872
5938157
5939646
5940354
5942326
5943283
5943647
5943670
5945155
5945588
5947918
5948909
5949069
5949943
5949980
5950896
5951625
5951737
5952289
5955552
5956295
5956895
5956941
5958355
5962146
5962393
5962479
5962686
5964003
5964025
5964312
5964602
5965605
5966605
5967567
5967886
5968113
5971375
5971504
5973509
5974168
5974746
5975570
5975599
5975830
5975901
5976336
5976577
5977414
5978339
5978594
5978924
5979507
5979868
5981877
5984540
5984758
5984922
5984936
5985358
5986831
5987153
5988637
5990250
5991319
5992114
5994580
5994873
5996080
5998698
6000244
6000607
6001276
6001447
6002463
6003458
6003672
6003952
6004800
6005351
6005620
6006594
6006670
6009430
6009980
6010326
6010590
6010604
6010804
6010909
6011441
6012493
6013573
6013971
6014434
6015954
6016058
6016995
6017025
6023679
6024981
6026226
6026275
6028125
6030752
6031310
6031666
6032180
6035030
6035117
6035798
6037435
6038437
6038551
6038705
6040108
6042404
6043837
6044089
6046995
6048129
6048476
6051446
6051617
6051622
6053110
6053222
6054700
6054720
6055382
6055570
6055743
6055895
6058551
6058647
6058701
6060098
6062116
6062332
6062554
6063688
6063863
6065092
6065196
6065406
6066221
6066616
6068277
6070567
6070697
6070698
6072024
6072149
6072459
6072706
6072916
6073076
6073380
6073457
6075324
6076096
6077466
6077933
6078484
6080391
6081970
6082014
6082357
6082681
6083166
6083699
6083711
6084539
6084803
6085250
6085529
6086721
6086899
6087503
6087522
6091039
6091634
6091659
6092159
6092279
6094402
6095123
6095138
6096896
6096919
6097023
6098413
6098591
6098780
6099315
6100262
6104573
6104953
6105671
6105831
6107259
6107431
6108701
6109307
6109416
6110035
6110125
6110465
6111245
6113961
6113989
6114339
6116915
6118253
6119774
6120027
6120104
6120160
6120166
6121204
6122160
6122238
6122251
6122943
6124582
6124625
6127025
6128317
6129271
6129472
6130372
6131860
6132957
6133149
6135297
6135540
6136048
6137084
6137618
6137703
6137959
6138644
6140257
6140526
6142351
6143450
6144229
6144353
6146037
6146285
6146337
6147021
6147087
6147703
6148949
6149471
6151181
6156759
6156818
6158963
6159084
6160910
6161795
6163671
6164656
6164743
6164774
6168214
6169255
6169302
6171275
6171422
6172700
6172890
6175637
6176274
6178001
6178144
6178701
6179064
6180006
6182617
6182718
6183057
6183794
6184502
6184608
6184839
6185015
6185568
6186538
6186801
6187574
6189355
6189486
6190584
6190723
6192304
6194099
6194284
6194357
6195257
6195691
6196483
6197667
6198199
6198301
6198603
6198605
6199664
6199973
6200384
6200919
6201271
6201698
6202002
6204128
6204244
6205241
6206767
6207054
6207110
6207666
6207745
6210215
6211514
6211574
6212760
6214651
6216223
6219430
6219808
6225806
6226303
6226431
6227241
6227634
6229299
6229978
6231354
6232281
6232923
6233751
6234752
6235113
6235302
6235789
6237250
6238309
6238771
6239245
6239724
6241040
6241086
6242969
6243176
6244005
6244178
6244614
6245180
6245953
6248580
6249294
6249596
6249701
6251283
6252133
6252200
6255729
6256059
6256589
6258066
6259853
6260163
6261550
6262659
6264597
6264967
6265519
6265639
6265799
6265913
6266155
6266313
6266445
6267866
6267893
6271820
6274505
6275369
6276050
6276327
6276541
6276996
6278257
6279717
6280382
6280548
6280670
6282876
6284172
6284605
6286702
6290013
6292399
6292483
6292775
6294318
6296090
6298282
6298846
6301358
6301970
6307380
6307815
6308386
6308908
6309321
6310270
6311173
6311198
6311429
6312250
6312367
6313355
6313475
6313564
6313625
6316333
6318468
6319833
6324496
6326131
6326591
6328182
6328493
6329366
6330087
6331076
6334111
6335018
6335226
6335322
6335329
6336384
6336615
6337824
6339547
6339568
6339770
6339991
6341987
6342126
6342432
6342516
6345399
6345413
6345671
6346440
6347121
6347358
6348171
6349009
6349579
6350090
6351302
6353955
6356979
6357722
6358057
6358141
6359318
6359756
6360421
6361106
6361629
6361972
6362426
6363197
6364526
6365459
6366522
6369771
6370163
6371766
6372290
6372890
6375224
6375513
6375772
6376928
6377159
6378578
6378820
6378944
6379090
6379734
6379785
6379813
6379968
6380507
6381816
6381921
6384217
6385235
6386114
6388031
6388385
6388687
6388704
6388741
6388892
6389584
6389999
6391126
6391507
6392335
6395124
6395401
6395718
6397885
6397957
6398817
6400179
6400469
6401176
6401257
6401779
6404418
6407376
6407741
6408360
6408620
6409975
6410268
6410466
6410943
6411609
6412043
6413487
6415667
6417807
6417943
6418996
6419009
6419240
6420589
6421804
6422581
6424635
6426794
6428007
6428290
6429060
6429757
6430241
6430349
6430608
6430729
6432734
6434550
6434566
6434865
6435128
6435699
6436605
6438071
6438458
6439900
6440030
6440730
6441101
6442498
6442730
6442889
6444350
6446205
6449852
6451509
6452280
6452309
6452716
6457118
6458950
6460275
6461467
6461721
6462175
6463248
6463378
6467251
6467905
6468466
6471449
6473087
6473917
6475497
6475759
6477946
6478814
6482757
6483112
6484619
6485225
6485687
6486215
6488372
6488719
6489233
6490309
6493821
6494414
6495241
6495625
6496104
6496299
6496375
6497186
6497682
6498141
6498557
6498649
6498964
6499354
6501694
6502089
6503899
6504141
6508475
6508755
6509846
6510102
6510607
6512450
6514667
6514742
6515824
6516712
6518199
6518844
6519345
6519486
6519620
6520250
6520682
6520705
6521842
6522135
6524128
6524717
6525024
6525740
6526122
6526813
6527291
6528766
6530891
6531578
6532038
6532463
6534184
6534682
6535190
6536639
6537259
6538385
6538633
6539732
6539745
6539850
6540893
6542579
6542952
6544772
6545036
6545827
6546560
6546657
6546834
6548033
6548363
6550922
6553573
6554095
6557485
6557588
6558140
6560020
6560609
6561067
6562459
6563467
6563822
6563836
6563851
6564679
6565049
6565144
6567032
6568293
6568870
6569759
6570711
6570765
6571238
6571772
6573179
6574098
6575741
6576633
6576914
6577748
6577819
6579290
6579742
6580534
6580732
6580998
6581325
6583000
6584833
6584996
6585621
6586424
6587798
6588872
6592426
6592810
6593611
6593760
6594353
6597951
6598786
6599801
6600051
6600990
6603188
6604190
6605326
6605639
6606448
6606515
6607668
6609623
6610168
6610172
6610741
6611166
6613304
6613386
6616335
6621431
6621632
6622272
6623043
6623121
6624817
6625987
6629775
6634319
6634587
6635341
6635601
6636658
6637060
6637273
6638738
6640761
6640968
6641029
6641927
6644124
6644132
6646188
6647326
6648260
6648634
6649297
6649324
6649722
6650174
6650801
6651208
6653234
6653416
6655049
6655082
6656221
6657044
6658084
6658914
6662002
6662456
6662619
6663483
6664173
6665667
6667497
6669118
6669459
6671191
6671480
6671926
6672195
6672529
6674039
6674599
6674710
6675142
6677195
6682903
6685087
6687574
6688059
6689736
6692429
6693303
6693391
6693680
6694434
6700976
6702161
6702208
6702319
6702740
6704934
6705086
6709457
6711215
6712430
6713878
6715080
6715616
6716943
6717638
6717850
6719363
6720808
6721335
6721647
6722970
6723383
6727150
6727540
6728056
6728281
6728397
6729078
6729402
6730553
6732673
6733491
6733793
6734449
6734493
6735102
6735363
6735382
6735454
6735666
6737290
6737483
6737566
6738204
6738255
6738534
6739303
6740784
6741053
6741466
6742129
6742773
6742935
6742987
6744044
6746681
6748195
6748297
6748647
6750596
6752187
6752239
6752327
6753638
6756881
6757103
6759921
6761145
6761179
6762239
6762973
6763392
6767789
6768248
6768276
6769290
6769826
6770186
6770863
6771036
6771098
6771363
6771695
6772006
6773089
6773759
6774409
6774999
6776385
6777749
6778194
6780051
6780763
6781060
6781730
6782069
6784928
6786375
6787738
6788948
6790289
6791025
6794051
6795481
6796643
6797189
6797192
6798543
6799054
6799427
6800761
6801094
6802139
6802366
6803348
6803564
6803823
6805562
6806865
6809339
6809415
6809762
6810013
6814486
6815247
6815670
6815863
6817134
6817609
6821823
6823240
6823432
6824704
6825311
6826057
6828402
6828728
6828919
6829501
6829952
6830188
6830976
6831687
6832794
6832974
6835816
6835943
6836213
6836809
6838504
6838596
6839449
6844644
6845017
6846051
6849313
6849888
6849912
6850856
6850976
6851812
6853642
6855064
6855951
6856778
6857268
6859443
6859792
6863055
6865074
6865812
6865966
6866447
6866654
6868281
6869497
6870093
6871119
6871123
6871468
6872184
6872219
6873056
6873340
6874338
6875036
6875597
6876083
6877572
6878023
6878995
6880134
6880966
6881985
6882059
6882317
6882533
6883304
6883830
6885029
6885645
6885661
6885725
6885904
6886973
6888146
6888628
6888826
6889105
6889476
6889793
6891428
6891837
6892803
6892954
6893757
6896742
6897179
6897228
6898252
6899874
6900353
6901601
6902137
6903210
6903221
6903374
6903956
6904802
6904838
6905272
6905348
6907390
6907551
6908275
6909562
6909863
6910800
6911089
6911135
6911388
6912033
6912589
6912849
6913058
6913620
6915466
6915599
6916358
6916766
6920695
6921143
6922986
6923229
6923244
6923586
6924104
6924645
6924717
6926293
6928042
6928792
6929698
6930063
6930467
6932733
6932976
6934216
6934247
6934405
6935144
6936715
6937589
6938606
6938864
6939460
6941181
6944789
6946344
6946655
6947496
6948148
6949481
6950487
6951497
6952053
6952906
6952995
6959015
6959272
6960944
6961813
6963417
6963520
6963659
6964424
6964858
6965865
6965878
6967513
6968755
6970566
6972235
6974087
6976115
6976181
6979279
6981726
6982151
6982654
6982745
6983660
6983885
6984095
6984230
6986194
6987086
6987506
6988623
6989372
6989527
6990692
6991921
6992221
6993215
6993842
6998368
6998463
6998731
6999954
7000208
7002497
7002521
7002986
7005260
7006362
7006435
7008799
7009104
7010598
7010610
7011190
7011844
7014377
7015476
7015521
7016545
7017094
7017419
7018681
7020632
7021744
7021846
7021851
7021951
7022126
7022537
7023152
7023530
7023896
7026206
7026525
7026769
7027353
7028533
7031370
7033995
7034512
7035610
7035654
7035995
7036199
7037834
7039155
7040095
7042109
7042785
7043642
7044215
7045513
7046385
7047126
7047285
7048074
7048952
7050644
7050898
7051042
7051598
7053055
7054927
7056347
7056545
7056822
7057123
7057642
7058997
7059169
7059840
7060006
7060427
7060499
7061361
7063520
7064044
7064066
7064922
7065416
7066199
7066451
7068214
7068414
7068452
7068937
7069129
7069631
7071008
7071028
7075854
7076261
7076653
7076928
7077553
7077569
7077572
7077859
7077985
7078537
7078910
7078979
7079007
7079037
7079495
7080073
7080995
7082200
7082218
7082929
7083658
7085305
7085508
7085678
7085757
7086034
7086350
7087645
7088130
7088929
7089802
7091466
7095136
7095386
7096840
7097138
7097143
7098457
7098559
7098561
7098580
7098791
7100246
7101299
7101614
7101815
7103149
7103480
7103797
7106344
7106907
7107284
7107426
7110015
7110133
7111543
7114254
7114932
7114976
7115185
7115512
7115801
7116319
7117817
7118865
7119430
7123268
7123418
7123715
7124104
7125301
7125663
7127071
7127199
7128933
7133897
7134296
7134644
7135130
7135236
7135390
7135699
7136936
7137109
7137150
7137660
7137962
7140415
7140442
7141546
7141960
7142278
7143029
7143342
7143359
7144061
7144428
7145342
7148575
7150830
7151440
7152205
7156803
7157133
7157431
7158437
7159174
7160489
7160607
7160953
7161312
7161467
7163088
7163133
7163539
7163833
7166698
7170891
7171377
7171761
7173542
7174449
7174568
7174594
7176811
7178179
7178329
7178338
7179019
7179309
7179671
7180055
7180214
7180635
7181136
7182026
7183197
7183528
7183744
7184525
7185247
7186044
7186804
7187470
7187613
7188289
7190602
7191011
7192130
7194191
7195390
7196286
7197310
7197733
7199434
7199716
7199765
7199978
7200680
7200805
7201008
7201187
7202981
7204202
7206049
7206897
7207050
7207213
7207371
7208423
7208885
7209046
7209270
7210206
7210771
7211978
7212477
7212804
7213251
7213391
7213507
7214475
7215450
7216142
7216477
7217235
7218955
7219081
7219641
7220832
7221156
7222096
7222521
7223442
7223784
7227271
7228555
7228676
7230502
7230513
7230921
7231578
7231757
7231862
7232830
7232836
7233576
7234509
7235472
7235812
7236023
7237030
7238878
7241150
7243705
7245233
7245762
7247061
7247552
7248516
7249351
7249386
7253435
7253583
7254016
7254479
7254873
7254950
7255307
7257069
7257527
7257977
7258851
7260996
7261886
7262169
7263853
7270208
7270873
7270956
7271503
7272413
7272554
7274474
7275553
7276136
7276140
7276210
7276993
7277448
7277454
7277750
7277852
7278029
7278286
7282976
7283143
7284444
7284648
7285246
7286296
7286527
7286730
7287061
7289371
7289737
7291063
7293732
7294005
7294668
7296962
7298961
7299025
7299222
7300065
7302585
7302877
7303701
7307174
7307878
7309867
7310261
7310337
7310653
7310759
7312089
7313690
7313798
7314021
7314119
7314773
7314803
7316027
7316127
7318153
7318983
7319022
7319614
7320536
7320572
7322854
7322883
7323382
7325286
7325414
7326761
7326850
7328040
7329219
7332233
7333098
7333803
7333842
7333911
7334884
7337831
7338910
7339540
7340997
7343548
7343838
7344979
7345638
7346081
7346608
7347207
7348489
7349316
7349787
7350217
7350879
7351561
7351932
7352714
7353116
7354122
7355528
7356745
7357968
7358923
7358945
7359008
7360753
7360924
7361122
7361134
7361389
7364026
7364364
7364624
7366001
7367198
7367371
7367493
7368557
7369131
7370011
7371314
7371807
7372167
7373363
7373577
7373942
7375053
7377011
7378065
7378494
7380107
7380134
7382213
7382828
7386326
7388253
7388604
7389163
7389311
7390015
7392150
7392316
7394013
7394602
7395244
7395310
7395702
7395839
7397135
7399334
7401257
7402050
7402092
7402243
7402374
7402404
7402473
7404106
7406983
7407134
7407378
7407528
7407839
7408408
7408468
7410309
7411410
7411476
7411517
7413440
7414441
7414755
7415440
7415852
7416222
7416323
7416726
7417402
7418035
7418111
7419493
7427639
7428105
7428652
7429719
7429998
7430778
7431441
7431629
7432071
7434276
7435826
7436200
7437631
7440368
7440453
7441097
7441164
7442315
7443038
7444331
7444596
7444989
7445519
7447506
7447554
7448356
7448483
7448751
7449356
7449399
7449903
7449920
7450204
7450918
7451551
7451584
7451772
7452056
7453139
7454333
7454382
7454898
7455175
7456976
7458213
7458785
7460277
7462242
7462745
7463656
7463988
7464059
7466210
7466444
7467414
7468606
7468903
7470074
7473324
7473625
7473875
7474562
7475678
7475686
7476346
7477189
7477760
7479421
7479498
7480337
7480614
7483583
7488425
7488891
7489291
7489724
7489836
7490484
7493768
7494088
7495949
7496257
7496371
7496496
7496835
7497115
7497395
7497649
7498219
7498829
7499149
7499547
7499568
7500450
7503386
7504022
7507961
7508620
7508850
7510447
7510539
7510941
7511695
7511731
7512960
7513106
7513900
7514738
7516239
7517495
7517961
7518551
7520321
7520370
7520782
7522005
7522920
7526411
7526431
7526552
7526760
7528037
7528417
7530523
7533097
7534265
7535964
7536041
7537381
7538471
7538727
7539427
7541838
7542241
7544676
7544820
7547913
7548584
7548687
7549064
7549414
7549432
7549522
7549744
7550058
7551271
7552225
7552554
7553059
7553491
7553733
7555186
7555222
7556363
7558028
7559000
7559710
7560890
7561486
7562315
7562412
7565536
7566325
7567962
7569837
7569956
7571358
7572872
7573426
7573511
7573517
7575499
7576800
7576836
7577961
7579774
7579812
7581710
7582185
7583381
7584741
7585674
7587291
7587614
7587892
7588015
7589672
7589969
7592184
7592366
7593810
7595015
7595342
7596142
7596417
7596490
7597874
7598586
7598804
7598869
7599065
7601781
7602044
7603968
7604642
7604657
7607229
7607377
7607434
7608563
7608969
7610633
7611242
7611877
7612600
7613357
7613680
7613786
7614389
7614395
7614540
7616706
7618344
7618927
7619242
7619434
7620293
7620364
7620677
7621276
7621616
7622351
7624601
7624700
7625245
7625632
7627796
7627988
7628443
7628639
7629439
7629944
7631256
7631630
7638183
7638710
7639231
7639322
7640351
7641348
7642222
7642728
7643478
7644450
7644995
7646310
7646401
7647839
7648825
7648955
7649438
7649536
7649859
7650342
7650947
7651252
7651580
7652274
7652487
7652787
7655586
7656905
7657462
7657668
7658590
7659617
7660306
7660635
7660755
7662126
7662700
7663667
7664236
7664836
7665421
7668971
7669385
7670952
7671166
7671902
7672391
7673619
7675040
7675292
7676053
7676103
7676840
7676959
7677554
7678354
7678440
7679552
7680326
7681392
7682611
7683353
7684717
7685103
7685468
7686520
7686658
7688800
7688847
7691611
7692430
7695743
7695939
7696612
7697080
7697122
7698267
7698697
7698836
7699474
7700573
7701492
7702344
7703108
7703153
7703347
7704179
7704434
7707091
7707221
7709404
7709553
7709798
7710491
7710979
7711673
7712881
7713468
7713868
7714284
7717476
7718049
7718275
7719499
7719637
7720178
7721493
7721548
7722136
7722248
7722838
7725592
7728043
7729518
7729713
7733443
7735296
7740604
7740714
7742949
7745063
7745186
7745726
7746034
7746292
7747085
7747704
7749595
7749877
7749935
7750740
7751147
7752716
7753898
7754016
7754168
7754373
7758438
7758537
7758669
7760357
7761960
7762220
7762402
7762451
7763102
7763699
7764338
7764874
7765735
7768411
7770366
7770411
7770591
7770982
7772139
7774210
7774947
7775095
7775272
7775959
7777355
7777639
7778107
7778453
7779966
7780740
7780905
7780966
7781637
7782160
7782507
7783058
7786133
7787164
7788539
7788650
7790784
7791290
7792033
7792388
7794436
7794497
7796059
7798488
7798617
7799002
7799063
7799529
7800963
7802880
7803506
7803588
7804794
7804808
7805800
7806562
7807149
7808152
7809009
7810229
7810620
7811037
7811315
7812574
7812665
7812840
7813434
7816404
7816569
7816577
7817438
7817788
7817954
7818102
7818618
7818709
7819506
7820596
7821809
7822013
7823379
7824142
7824469
7824534
7826757
7828408
7828770
7830359
7830729
7832540
7834443
7834553
7836155
7838180
7838297
7838742
7839415
7839439
7840662
7841478
7841707
7842708
7844713
7846067
7846784
7847524
7848752
7848828
7850579
7851013
7853514
7855350
7858843
7859800
7863477
7863615
7864914
7864944
7865206
7865853
7866681
7866978
7868765
7868817
7869438
7869453
7869829
7870807
7871720
7871864
7872165
7873357
7873470
7874799
7874888
7875274
7875964
7876560
7876852
7877244
7878793
7879622
7880644
7882036
7882999
7884156
7884783
7886897
7887059
7888556
7888958
7888985
7889508
7890028
7891557
7891693
7893442
7894200
7895719
7896608
7899599
7899669
7900646
7902401
7902427
7904931
7906102
7906463
7908408
7911725
7912375
7913207
7913231
7914982
7915658
7916336
7918420
7918882
7919374
7920659
7920689
7920813
7921399
7922042
7923150
7923494
7924458
7925633
7926767
7926798
7927161
7927964
7928156
7928555
7928796
7929494
7930523
7931394
7931744
7931772
7932124
7932369
7933170
7934568
7934649
7935545
7936049
7937604
7937759
7940398
7944395
7946208
7948292
7948858
7949300
7949827
7950717
7951005
7951164
7951568
7951718
7952069
7952822
7953441
7953555
7953760
7953936
7954092
7955499
7956394
7956440
7957935
7958221
7958767
7959130
7959387
7959451
7960120
7960426
7960524
7960786
7960949
7961621
7961802
7963968
7964437
7965233
7968333
7968723
7968764
7969005
7970274
7972756
7973341
7974354
7975055
7975668
7975722
7976513
7977193
7977929
7978660
7979845
7980710
7982294
7983896
7986952
7988197
7988279
7990468
7991310
7991890
7991968
7992656
7992784
7994680
7994711
7995134
7995395
7996796
7996960
7997096
7997726
8001040
8001055
8001831
8002279
8002340
8002795
8003110
8003569
8005511
8005580
8008036
8008494
8010089
8010112
8010256
8012156
8014634
8015641
8017727
8021335
8021598
8021911
8025237
8026210
8026772
8027625
8028377
8029105
8029494
8030142
8032254
8033033
8035724
8036255
8037567
8037868
8043120
8043617
8043645
8047562
8050338
8050869
8053157
8054061
8056841
8057737
8057947
8059743
8062151
8064529
8065293
8065489
8065710
8065792
8067085
8070698
8070757
8071279
8072708
8072785
8073998
8074828
8076497
8079313
8080864
8081344
8081721
8081913
8083140
8086018
8086467
8087227
8088197
8088489
8089997
8091045
8091864
8092050
8092849
8093184
8093773
8094193
8094202
8095533
8095808
8096896
8097445
8097543
8098497
8099234
8101069
8102025
8102821
8103936
8104249
8104619
8107256
8107358
8107565
8109060
8109945
8110208
8111901
8112322
8113022
8113509
8114094
8114192
8114245
8114754
8116460
8116921
8117933
8118103
8118235
8118426
8118495
8122273
8122674
8122764
8124078
8124391
8124668
8125760
8126714
8127210
8127651
8130166
8131903
8132698
8132766
8132794
8133886
8138273
8139174
8139499
8141514
8141785
8143057
8143245
8143807
8144618
8144815
8146046
8147316
8147317
8147544
8148262
8150612
8151960
8152150
8152979
8153467
8154226
8154766
8155912
8156382
8156667
8156971
8157565
8158774
8159210
8159289
8159522
8160308
8160568
8160845
8162308
8162868
8163010
8169342
8169483
8170009
8170105
8170923
8170923
8173223
8178058
8178129
8178198
8178285
8178450
8178927
8179916
8180632
8183041
8183712
8184145
8186472
8187179
8187392
8187808
8188379
8190225
8190688
8191210
8191623
8191854
8192596
8192910
8192974
8193111
8195290
8195552
8196502
8200813
8201222
8203400
8203594
8204639
8207416
8208375
8208699
8208898
8209003
8209043
8209231
8210881
8211119
8211501
8211574
8211711
8211937
8213141
8214497
8215997
8217596
8218584
8219531
8219938
8220542
8221597
8221984
8222518
8222603
8224598
8225365
8225672
8226118
8228084
8228455
8229757
8232832
8233685
8234342
8234516
8235753
8236590
8237399
8237538
8237943
8238864
8238868
8238959
8239487
8241604
8241690
8241860
8244091
8245559
8247241
8247468
8249155
8250242
8251745
8252924
8253396
8254977
8256087
8257786
8257982
8258594
8259103
8259667
8260222
8260578
8260682
8261372
8261767
8262019
8262195
8263431
8264238
8264532
8264540
8264602
8265987
8266361
8267342
8267882
8268421
8270131
8270726
8271254
8272152
8273492
8273894
8276244
8277193
8277946
8278009
8278672
8281683
8281923
8281947
8282713
8283344
8283509
8283596
8285409
8286757
8287354
8288703
8289351
8291599
8293758
8294543
8294584
8295161
8295918
8296414
8297044
8298572
8298992
8301307
8301992
8303997
8304021
8305039
8305575
8306967
8308590
8309576
8309739
8310916
8310991
8311166
8311188
8311764
8314528
8315660
8316031
8317666
8317780
8318577
8318638
8318867
8319234
8319722
8320140
8320930
8321828
8322106
8322295
8322315
8322841
8324084
8324089
8324643
8324651
8325138
8325911
8326048
8327980
8328438
8330290
8330430
8331511
8332217
8333364
8335012
8335623
8336347
8337743
8338290
8340368
8340478
8340541
8340860
8341066
8341584
8343356
8344749
8346139
8346728
8347493
8349169
8349782
8349850
8350864
8351233
8352121
8352214
8352407
8352968
8353705
8354365
8355293
8357170
8357522
8357881
8358684
8358839
8360155
8360979
8361374
8361462
8361938
8362171
8362898
8363954
8364906
8365521
8366518
8367427
8368792
8369482
8372212
8374342
8375271
8375842
8376123
8377203
8378213
8379457
8379575
8380662
8382379
8386036
8387267
8387297
8387982
8389940
8391060
8392875
8395684
8395771
8396216
8397066
8397569
8397857
8399754
8400172
8401265
8401975
8403485
8404105
8405391
8407382
8407959
8408591
8409140
8409583
8411756
8411992
8413615
8415180
8416076
8416640
8417738
8418797
8419865
8423429
8423642
8426389
8426810
8426822
8428219
8428688
8430777
8431132
8433425
8433975
8435525
8436345
8437268
8437778
8438052
8439598
8439849
8439931
8440832
8441281
8441527
8442746
8443011
8443153
8444179
8445201
8446438
8447561
8447981
8448260
8449784
8450199
8451178
8451885
8452959
8453086
8454123
8454281
8456313
8457369
8457792
8459383
8461289
8461738
8461877
8464774
8465130
8465395
8466965
8468075
8468209
8468343
8468570
8469136
8469298
8469448
8470071
8471166
8472666
8474700
8474763
8474853
8476074
8476491
8479026
8481169
8481570
8482431
8482885
8483827
8484480
8486299
8486444
8487190
8489209
8490056
8490468
8491010
8491837
8492113
8492216
8493124
8494181
8494714
8497329
8499408
8499509
8500036
8501094
8501599
8501799
8501827
8502230
8503060
8503129
8503137
8503747
8504567
8506143
8507364
8510335
8510337
8510644
8514883
8514982
8515598
8515649
8522046
8524813
8525347
8526310
8526862
8527264
8527848
8528256
8529377
8532363
8533584
8534549
8536028
8536622
8536833
8538022
8538073
8538885
8540045
8540429
8541370
8542887
8544288
8545837
8546455
8547372
8547939
8551416
8555650
8559015
8559979
8561165
8564533
8565658
8571156
8574787
8575208
8575266
8575315
8576643
8577028
8577268
8577586
8577763
8581313
8584611
8585921
8585982
8587270
8587396
8587659
8588026
8588110
8588226
8588350
8589891
8590139
8590491
8591126
8596536
8596819
8597768
8598692
8599087
8600442
8604248
8604678
8605882
8608626
8608740
8611359
8611580
8612588
8612707
8612950
8613264
8613745
8613816
8617098
8617743
8618023
8619235
8619263
8619590
8621515
8622137
8623179
8623645
8623820
8624730
8624980
8625276
8626119
8626406
8629086
8630957
8632179
8632531
8632692
8633434
8633570
8634764
8635967
8636072
8637091
8637658
8638183
8639257
8639623
8640138
8640139
8640218
8641174
8641542
8641675
8644134
8644367
8650723
8650741
8651938
8652421
8653773
8655930
8656838
8657417
8658981
8660432
8660598
8660691
8660844
8662893
8664530
8666282
8667029
8667510
8668179
8668421
8669090
8670244
8673696
8673772
8674793
8675824
8675855
8675917
8675945
8676596
8676990
8679857
8680097
8680204
8680210
8680883
8683275
8683938
8685517
8686573
8687678
8688807
8689486
8690278
8690760
8694965
8695162
8695869
8696286
8696912
8697457
8697934
8698093
8698514
8698891
8699095
8699867
8700178
8701474
8703309
8706000
8706173
8707311
8708393
8708476
8708544
8708554
8709105
8709402
8709817
8711722
8712792
8713251
8715515
8717729
8719020
8719092
8719775
8720701
8722485
8722752
8725668
8725749
8726349
8726709
8727119
8727526
8727932
8729409
8729547
8729637
8729916
8730086
8731263
8731471
8733013
8733803
8734048
8734546
8736862
8737371
8738036
8742195
8743487
8745767
8747497
8747572
8747759
8750391
8750459
8751860
8752454
8752479
8755935
8756551
8757065
8757496
8759120
8760708
8761171
8761232
8762015
8762897
8763763
8764663
8765124
8767069
8769091
8769672
8771522
8773369
8773444
8774141
8774596
8774625
8775946
8776118
8777027
8777117
8777357
8778917
8779905
8780851
8781140
8781840
8782014
8783527
8786494
8786505
8786734
8787070
8788532
8789435
8789964
8791210
8795226
8796644
8797233
8797651
8798626
8799132
8799133
8799136
8799237
8799338
8800727
8801386
8802222
8802624
8802954
8803830
8803919
8804060
8806618
8807501
8807602
8808055
8809419
8810928
8812105
8814813
8816205
8816602
8818628
8818892
8820502
8821186
8822393
8822652
8823779
8823829
8824816
8824885
8826401
8827251
8827957
8828840
8828840
8829823
8829960
8831331
8832060
8832212
8832288
8834138
8836296
8839456
8839827
8840503
8841356
8841392
8841576
8841754
8843382
8844097
8845198
8845495
8846670
8847199
8848101
8848278
8849617
8850010
8851106
8851539
8851887
8853553
8854038
8855187
8855720
8859964
8859990
8860636
8860821
8862417
8862797
8862811
8862920
8863414
8864715
8864998
8866160
8866202
8867672
8869244
8870091
8871261
8872635
8873477
8873684
8874112
8875168
8875967
8875979
8876033
8877135
8877984
8878563
8879411
8879703
8881389
8881978
8882317
8883860
8885111
8885252
8886161
8886372
8887578
8887891
8890360
8890451
8892429
8894686
8894721
8896264
8897099
8897481
8898870
8899140
8900877
8902114
8902161
8902735
8903399
8904365
8904930
8905119
8905188
8906580
8907509
8908247
8908980
8909420
8910000
8910677
8912014
8912156
8912716
8914169
8919267
8920604
8920611
8920758
8920820
8921166
8922054
8923263
8923401
8923812
8924771
8925004
8926168
8926324
8926451
8927261
8927515
8928257
8928533
8930940
8931235
8931754
8931916
8932024
8932845
8933316
8934868
8935056
8935274
8936433
8936507
8937435
8937731
8938555
8940840
8941254
8943161
8944133
8944160
8944876
8946526
8946600
8946736
8947151
8947544
8949103
8949143
8951342
8951494
8951511
8951907
8952174
8952717
8953539
8953891
8955579
8955969
8957545
8958124
8958404
8958443
8959029
8959078
8959358
8959390
8959594
8959784
8959949
8960395
8960491
8964253
8971729
8974535
8975093
8975697
8976574
8976902
8979058
8980665
8981049
8981376
8982129
8982791
8983302
8983340
8983741
8983964
8985546
8986361
8987395
8987975
8988400
8989153
8990465
8990802
8991208
8991344
8991856
8992049
8992665
8993028
8993079
8993678
8996870
8997162
8998227
8998827
8999069
9000345
9001595
9002814
9003627
9003976
9004413
9004434
9004569
9006401
9006545
9008044
9009310
9010881
9011300
9011494
9011720
9012106
9012715
9013591
9013864
9014646
9015410
9015609
9015822
9020033
9021310
9022669
9022722
9023120
9023580
9023682
9023774
9023801
9024826
9025150
9028286
9028394
9029965
9030565
9030733
9031709
9032446
9032983
9033747
9034892
9035229
9036395
9037596
9039713
9040786
9041848
9042369
9042822
9043031
9043238
9043666
9044913
9050930
9050945
9051098
9051661
9053883
9054064
9056034
9056222
9057118
9057241
9059176
9060052
9060056
9061017
9061559
9062129
9063297
9063399
9064021
9064146
9064580
9064966
9065543
9065986
9066649
9067524
9067685
9067739
9068563
9069308
9069364
9069727
9070011
9070071
9071117
9071296
9073313
9073891
9074103
9075305
9076188
9076506
9077249
9077686
9078545
9079734
9080702
9080798
9081773
9081975
9082908
9083051
9083940
9084643
9084815
9086195
9086553
9086674
9087171
9088019
9088704
9088914
9088932
9090657
9091927
9095392
9096159
9096522
9096724
9097314
9097482
9100946
9101221
9101563
9101805
9101829
9102772
9103336
9103759
9104004
9105188
9105285
9106600
9107363
9110530
9111951
9112051
9113175
9116769
9117579
9118323
9118522
9118920
9119894
9119981
9120481
9123238
9123403
9123423
9124730
9125391
9125798
9125988
9127026
9127607
9128452
9129434
9129719
9131384
9134291
9135471
9136740
9137000
9138873
9139364
9139396
9140414
9140943
9141050
9141355
9142491
9144175
9144464
9144480
9144972
9145244
9146156
9146352
9146715
9147125
9150718
9154330
9154497
9155166
9155974
9156750
9157330
9157980
9158855
9159816
9160658
9160765
9161112
9162642
9162696
9162890
9163184
9164293
9165481
9165494
9166518
9167036
9168180
9168962
9169002
9169564
9171448
9171843
9172034
9172106
9172369
9172600
9172627
9174587
9179569
9180318
9180399
9180514
9180603
9180665
9181914
9183313
9183622
9185258
9185633
9185883
9185887
9187625
9189574
9190762
9191151
9191774
9191983
9192360
9193199
9194130
9194581
9198041
9199008
9199064
9200747
9201778
9202403
9202589
9202687
9203926
9205710
9206268
9206737
9206889
9206988
9208817
9209288
9209625
9209792
9210912
9211255
9213113
9213442
9215600
9215614
9216145
9216408
9217434
9217958
9219074
9219588
9220747
9222466
9222504
9224932
9225128
9226093
9228992
9229000
9229309
9229592
9230854
9231080
9231155
9231708
9231751
9234302
9237488
9239072
9240681
9243140
9244030
9245279
9245812
9248242
9249495
9249876
9250042
9250083
9251766
9252747
9254977
9258628
9259243
9259550
9259567
9259906
9260518
9260768
9260833
9261878
9261953
9262151
9265330
9266444
9267147
9268089
9269086
9269185
9270047
9270051
9273406
9273695
9273855
9275162
9277375
9278429
9280122
9284007
9285346
9285669
9286829
9291837
9292341
9292427
9293600
9293621
9297117
9297890
9297952
9298094
9299787
9301622
9303042
9303464
9304562
9304942
9305845
9307048
9310239
9310274
9311266
9311448
9312877
9313140
9315429
9315726
9317083
9318360
9319029
9319618
9319814
9319973
9320514
9321050
9326591
9326765
9326940
9326960
9328192
9329618
9329657
9332585
9333515
9334119
9334316
9335553
9338051
9339828
9340820
9341022
9345465
9345999
9346734
9347458
9347579
9348844
9355669
9355809
9355945
9356376
9358238
9359428
9360502
9360707
9361468
9361673
9362404
9363668
9364375
9364449
9365707
9366283
9368193
9368710
9368977
9369203
9369988
9370692
9370713
9370741
9371343
9371469
9371669
9373969
9374018
9375620
9376186
9376280
9376913
9377207
9378451
9379767
9382272
9382401
9383052
9383510
9383629
9384963
9385326
9385661
9389112
9390460
9390886
9391168
9391378
9391390
9391642
9392758
9393651
9393855
9394984
9395089
9395813
9396113
9396898
9400457
9400784
9403090
9403647
9404368
9404477
9406625
9408420
9409984
9410481
9411866
9412159
9413206
9413947
9414092
9414444
9414819
9415228
9420854
9422868
9423116
9424398
9424559
9427923
9428132
9429007
9430126
9430601
9430859
9431650
9433999
9435183
9435775
9436354
9438450
9439311
9439451
9440513
9440537
9441541
9442015
9442349
9443144
9443216
9443552
9443649
9443735
9446688
9447168
9448511
9449180
9449477
9450946
9451361
9451677
9452120
9452224
9453095
9453377
9453626
9453702
9453906
9454110
9454372
9454380
9454979
9457040
9457452
9458276
9461294
9462400
9463433
9464051
9464495
9465327
9465617
9466395
9466863
9466970
9467624
9468065
9471563
9471996
9472222
9473178
9473689
9474074
9475291
9477229
9477320
9477356
9478039
9478145
9478166
9480510
9480907
9481053
9481662
9481678
9482579
9482881
9485027
9485702
9486299
9487950
9488532
9490533
9491493
9491893
9492054
9492308
9494383
9494591
9497896
9499375
9499998
9505556
9506070
9507570
9510218
9510875
9512570
9513556
9513574
9517269
9518140
9518540
9521906
9523708
9524898
9525188
9526401
9526525
9527794
9533102
9535558
9536665
9536751
9537932
9538418
9538972
9539040
9540820
9540990
9541200
9541826
9542277
9542625
9542698
9543727
9544116
9544268
9544931
9546126
9549141
9549257
9551183
9553162
9554707
9555619
9556041
9556043
9556470
9556850
9557514
9558588
9559579
9560115
9560689
9563209
9565985
9566286
9567468
9567519
9568412
9568663
9569457
9569632
9569912
9570493
9571260
9573147
9574160
9574623
9575033
9575933
9576779
9581510
9584091
9584098
9585867
9586104
9589487
9589543
9589685
9590802
9591383
9592686
9593299
9595038
9595291
9595350
9595394
9595614
9596631
9596692
9597045
9598901
9600415
9600862
9601527
9601692
9601742
9601908
9601987
9604010
9604641
9604755
9604812
9604824
9605574
9605579
9606749
9609341
9610157
9610388
9610857
9612079
9612672
9615299
9615658
9618404
9620917
9621265
9621940
9622142
9624282
9626358
9627063
9628359
9629242
9629541
9630038
9631229
9632329
9633506
9633658
9635677
9636186
9637279
9639775
9643868
9644031
9645751
9645945
9645961
9646908
9647395
9648315
9649179
9649321
9649511
9649645
9650897
9651257
9651802
9652745
9653518
9655693
9656603
9656834
9657711
9660566
9660625
9660633
9661080
9663243
9664359
9664535
9665110
9665415
9667451
9667810
9667841
9670465
9670946
9671699
9671837
9671896
9671937
9673360
9674046
9674107
9674873
9675800
9676705
9677111
9677194
9678168
9679308
9683103
9683521
9683608
9683917
9684128
9687738
9687777
9687853
9688693
9689950
9690144
9690595
9690642
9692052
9692579
9693112
9694089
9694278
9695444
9695504
9695707
9697861
9699671
9700347
9700382
9702992
9704206
9704234
9705871
9706425
9706729
9708523
9709534
9710401
9710932
9711312
9712950
9714055
9714484
9715411
9716624
9716679
9717173
9718484
9718624
9720007
9721738
9723032
9723737
9726189
9726895
9727961
9730560
9733026
9733231
9733745
9735121
9735352
9736049
9738098
9739173
9739286
9739605
9740011
9740410
9741762
9741799
9743446
9743908
9744313
9746561
9748011
9750268
9751504
9751865
9752915
9753186
9753738
9754934
9755514
9756192
9756679
9757527
9761419
9761833
9762331
9762400
9764370
9766298
9766979
9768510
9769036
9769120
9769489
9770671
9775183
9775311
9775675
9775748
9777078
9777812
9778524
9779435
9780548
9781803
9784131
9784789
9786449
9786948
9787098
9787384
9787489
9787770
9788188
9788854
9789155
9790311
9790837
9792211
9792214
9792826
9793602
9794366
9795722
9795780
9796433
9798647
9798775
9799103
9800967
9801123
9803561
9803864
9804492
9805261
9806320
9807002
9808337
9808416
9808906
9809022
9809398
9810742
9810941
9811757
9814686
9815082
9815439
9815465
9818298
9818796
9819518
9819896
9820444
9821226
9821443
9821686
9824765
9826259
9827783
9827931
9828717
9829105
9829230
9829777
9829808
9830793
9832026
9832961
9833233
9834441
9835047
9835983
9836331
9837523
9844909
9845137
9845545
9846343
9850518
9850784
9851874
9852365
9852696
9855434
9856001
9857583
9857710
9857939
9858169
9858762
9858802
9859325
9859349
9861148
9862242
9864042
9866410
9866947
9867068
9867139
9871515
9872991
9873041
9873061
9874132
9875237
9877861
9877872
9878032
9879998
9880001
9880257
9880541
9883666
9886589
9887980
9888190
9888396
9889235
9889394
9895201
9895210
9895262
9895623
9895738
9896162
9897211
9897274
9898001
9898140
9898391
9898545
9898730
9899207
9899690
9900658
9902011
9902130
9903350
9904341
9905793
9908321
9909044
9910641
9912557
9912762
9914226
9918209
9919916
9920345
9921911
9922568
9923311
9926895
9926986
9927851
9927874
9928642
9932190
9934201
9936580
9937422
9938284
9940210
9940585
9941144
9941420
9941758
9942579
9943457
9944182
9944796
9945649
9946103
9949241
9950174
9952380
9952859
9952926
9953224
9953300
9954480
9955589
9956238
9957144
9957553
9957922
9958411
9959298
9959329
9961927
9962352
9968625
9969152
9969383
9970262
9971155
9971729
9972694
9973761
9974392
9976385
9977950
9979060
9980605
9980988
9981105
9981232
9982040
9982824
9983230
9983615
9984262
9984733
9985397
9986053
9986631
9987756
9988130
9988365
9989244
9989347
9992577
9992831
9993538
9994939
9995466
9995499
9996143
9998719
9999820
