10000
4498295
3937151
9112273
9296472
4409357
6007948
9214209
7755584
2794433
8321955
8769545
8296264
6385889
5436698
8398438
2582713
1259475
1252040
3142398
9366305
8790232
2699148
8495242
3008127
6035149
8402761
3072373
4023663
5337947
6166703
1627708
2176208
3451473
2350701
2390199
1345724
7932721
1602124
1965638
4776880
3353257
4670711
8465792
6617140
6855068
2383898
3125985
6180180
9590848
1725128
4139050
9815031
4877273
2579296
7041838
3072318
7535894
4499698
2689810
2206057
2862362
2893942
4704212
5465606
9766751
5418989
8503528
1191419
5540862
9708291
3464303
9752077
7008970
5144276
9458433
6701353
6608494
7751694
1031157
9389770
7007596
8682374
8021470
9392643
3157896
5492999
8203121
4272543
6663380
5341952
7054037
4004063
1193974
1308341
7220546
1935851
7795271
3589088
5408421
2745163
7337349
8532864
9055747
6197912
9303443
2280473
9081268
9611910
9924368
7043309
4355274
4847212
3821662
7465932
5076835
6425502
5661972
7352631
7926067
4343866
6771199
5976579
6214254
7816057
4228204
3771163
5703541
6299615
4505241
3798997
5187910
9520998
6587429
7921874
8819073
3373240
1861917
6940823
2560433
4780627
9779337
8707049
1074216
5338353
4353823
2372416
6176031
2308631
2886127
3710810
5656069
9005701
5986702
6316562
3570069
4339223
4253158
7514522
2343053
5484923
5409774
5239646
6807436
4323004
9249031
1133594
7570571
7688805
6852928
3014774
5702776
8471521
6844730
5063760
9434584
4167161
6539918
3025299
9386587
4566631
3488662
1758766
3883917
1196818
2517378
1457047
7104034
5637714
1788692
2945232
6374729
1867686
2027974
7663889
3588077
5099227
7213603
2831376
4399160
4071704
3986147
2644166
6203017
6781111
7185627
5071835
1885536
9550493
7555388
8538821
1281368
3257532
5587099
5096739
4991052
2297640
5884546
2591104
9226037
9605649
3979574
4345494
3531243
4039704
7495848
1847744
6739091
1320221
7757272
6319652
4591176
4898615
6056775
7232071
8416749
9637189
6560323
3100978
5147258
8686324
9425041
8045077
4165484
5341872
7694942
4500283
2939547
1143176
3847823
3862038
8160679
2204957
9201859
5936052
6519522
3809594
5956469
1285457
3051836
3361041
7394614
7773861
6708819
8456413
9629379
4504720
2740506
1568979
6658027
9924437
7442188
7760446
8716980
4476629
5623617
2538691
5019606
3082029
5655192
5316321
9550961
6278241
9553894
7529228
9221211
5279193
5009518
4201859
5404741
3802900
1436618
5127944
2028958
1313292
7277009
5089015
4355360
6142507
2232697
6398746
9630698
7728539
1428792
4403076
7542142
4014963
2894390
5471300
6928028
3434384
8035269
7312555
3912775
8263873
6869563
1437096
7736351
3646215
3481975
1686659
7837166
4478411
7231612
7121457
7026544
9931010
2099458
2751231
6192717
5921286
1066371
3854489
7486513
7033158
4337092
5160013
7325830
8403496
5338298
4060675
4254824
6716605
4479921
2612782
4863913
3874717
4460439
7919697
1674911
7646564
4847662
5720971
1336315
6650484
5819401
8984380
8918595
2259389
8708135
9679756
4342515
7569306
1772518
4961177
8232327
6605708
1831834
5094713
8570413
9338572
4667247
7826600
2989057
6264188
9660011
6680491
8481624
4581254
2799680
8568597
3819970
4829929
5292833
6441658
5525122
8980545
3472443
4347177
7158552
1337117
5842566
2028639
9155881
8678278
5998236
1038049
5269213
4014918
5080321
1718680
4020858
7381462
2482780
7121827
3052775
7358476
1682893
2659753
8551220
5490660
7708088
7272406
7187129
7389542
5503305
4198936
4875820
6085480
4582137
8515889
6131838
5150428
4045768
6700278
9456848
1256076
6510028
4078313
4693227
7770060
5987345
5760843
9037198
4275368
1967617
8128613
8061244
1615359
8223014
2141065
4240380
4887271
3902406
8518467
9721363
4388483
2600919
9330677
7100776
5142570
5198755
2855219
7149022
7480632
5292782
3511963
7916744
3407498
4198805
1600681
2528872
5563485
5497026
2859249
6523832
9860416
1960118
1864182
2022405
3593803
2629310
1240273
6958081
5390119
9442713
4627629
9758705
3836607
7512001
9619570
8990118
3118022
2415977
3264448
2220192
8361283
7599206
4798102
6753192
7259041
4301121
4725370
6958868
6183091
7985972
8176531
1159457
9697431
5887747
1712028
9176189
6190785
4515741
9441579
8959667
4101628
1514499
1286939
7098562
6844084
3902441
2297958
2418648
6468510
3986355
3310518
8279115
1391083
9950129
4809686
6493489
3428361
6716167
7404795
3630617
3832548
1331815
3318440
9705905
3904165
5059680
6585617
4155737
7780361
6234291
9291303
2812545
7918221
4189195
6248717
5469863
5700392
2634381
9581306
1264692
4442864
6782385
2088415
5423543
6652440
2834664
2007131
8441458
4554810
4154079
4190180
5818036
3349145
8455443
1342384
5465535
5626762
9908429
1298684
2519644
8845131
6176968
3708884
1325491
2528411
4356105
5560788
2991216
5331556
3077991
3135892
8024946
3543845
4027667
6063859
1445678
8790148
2705714
8609669
3749756
9606668
6751561
9699182
8560192
5518642
4710072
4751355
6055076
6495829
8451986
7196166
9291716
7503775
9400804
1132881
8458810
4339710
9326405
9175174
5015444
5307911
8638229
2838423
6665171
2835141
9833978
4994536
1294165
8399774
1526206
7742420
9345638
3734142
2691797
2146728
5984435
2227183
4951638
3802698
4402855
1936672
9591144
3759270
4121209
7284516
6231855
1684977
3875478
1855558
3995447
9572710
3286587
2371107
4925545
5019184
6308727
7102368
5897732
5778408
2389639
1710429
9526326
4287625
4468729
5955601
3815075
3580714
5452493
5540919
3075869
9431412
2211265
3163985
6889173
6994940
2423364
6891355
4039202
6700737
7623462
9532019
3147223
4368889
9013671
5139798
3515178
4221121
4778037
9456838
8802754
5374171
9305946
9594770
3371049
9267876
5903948
2006877
8618091
7648077
1251615
3857083
2408286
4021849
1266529
6650393
4719218
3046856
5934101
9132372
5855715
3731779
7760635
9386388
4151901
8243249
3793861
3867026
2791928
6973225
2281893
7729022
6020741
8807719
6777846
6101301
1532839
6763883
6515048
1414962
7877181
4063952
3828729
8826684
8552663
7708714
4895240
5123752
2811296
4122203
9158859
4990959
2519987
1546143
3420932
7457890
2262522
6940829
6925616
6988069
1569547
6482680
6801153
2849089
6840563
6701758
6006388
7382302
5450488
8999016
6942149
2730008
1559090
9368211
9560514
1663808
7611266
5077366
7738286
4640773
8085597
1031900
6222455
4323820
1072171
9360755
1283122
1809141
1393996
9340869
4400070
1804287
8937347
8941486
5636270
1928367
1973966
9815959
9120763
6533596
1764508
3182458
5904434
1996398
8216968
8244767
8287562
7528087
8887221
2392981
3978386
7208170
6507955
4644603
7488760
1698898
5289977
4606593
7575037
9762221
1734948
5850882
7601271
7564354
6256432
5990300
4088767
3942880
9947636
4902195
2639149
6754857
8154739
2968514
2899920
9579141
7288840
6131731
7241451
6686467
1958842
3668392
7881164
2930045
7935609
7434473
2170255
7484290
6754071
1700288
7599412
2428370
9671107
3247115
9145324
7620717
7549162
2716594
6846762
2051579
9947367
6385145
7547935
5189995
7036741
8231911
1501454
5334477
1032907
4372719
3349203
1111666
6904999
5602782
8717006
9864663
6113438
6705405
3253708
6295564
9716676
1969361
4434975
7176755
9940839
7906552
8504477
2965903
8881153
9191262
8606975
6512114
4508358
8217457
9755964
7087307
3563866
7824425
1600021
7679270
5359007
8608083
9701594
4117021
6771590
7874455
1607893
1393520
1367964
3592031
6345334
9084136
1462039
5725914
3241895
7164010
2859458
1500914
7918961
7301985
3586581
8705018
2840191
6067755
8750449
2717979
5336825
7638560
5390259
9518720
7090365
6981848
9837854
7310680
1615313
9190108
7113302
7843835
2214948
8157735
5683882
7831488
2981029
2211966
6248666
1033405
6724332
9578925
3638378
2069192
5251689
9902347
1435343
5223997
8404794
6486007
4753192
5270368
2058257
3907140
4374318
6831117
3483133
3704235
5315102
6319101
2036031
1996583
4449543
8621931
3748585
9052430
9860760
5991647
5395442
6444558
5834620
5101714
3131581
6856685
5373193
2484346
5526092
6750916
8465429
7700152
2393999
5327302
7342938
5859247
6617514
8830205
3409236
2499519
4301501
7568846
1064281
4306442
4604869
2765182
5340049
1769942
9959284
1766579
6123574
4704116
2745133
6960495
8717453
1120304
7557003
5464705
8742134
5449073
9768747
2935702
1454784
4302554
8985087
5408464
2068753
6301209
3637532
2056229
5129694
5171414
8142550
8781794
3244558
4240768
8654931
6979648
9313812
6527117
4448894
2779623
5511940
6970008
8120181
8805906
7896509
8035991
6572094
9656563
1547073
5734572
2625749
5720487
6681913
9645699
1898705
8567780
1532341
1012348
7669696
1567226
5134162
4015483
3384352
9880351
2295277
3457414
7452000
1453806
7096080
1886590
6591631
5059698
2720882
3619170
7536811
3205463
8340388
7933479
8894109
1946529
3243289
6240779
8673643
1777600
3162111
1794131
6165334
9438468
8221044
7239802
3195910
9293061
1758138
4110453
4249418
9119789
6618654
5892917
9652845
7643792
9993125
9287388
7308702
3599332
1030064
3782954
3937767
9022382
2056714
7423593
3716208
7869500
6871472
5402902
2720117
8649217
3882161
6565051
5361517
8908902
8511847
5527603
3621221
8800837
2147676
8521476
5970253
3547699
5196313
5777619
4375449
1948518
4973779
4849116
8831755
1181748
9378326
2721680
8962240
9994726
9484671
8025508
5846080
4521372
5822413
1017350
5197682
6522058
5863873
6685242
7144399
9121155
2594910
8787125
7052430
5530508
5341018
9295289
2626032
9772211
6598286
6713530
7669477
9410744
2811130
7445272
5471200
7382868
6283613
6996173
3412102
2032337
6336932
8242288
3099781
2950433
4144384
8488034
3233458
9755851
6332846
7634680
5712956
6781458
7087497
3300410
9751016
7330800
5954035
5393747
5075692
3123539
9047245
5132698
7278345
8404006
5716754
6395703
7317579
1499538
9153811
7537760
6784210
8456597
3829191
4563582
9141966
4300899
8237458
9509371
4421855
9348939
2014935
6574854
9042531
4616509
3421585
6873306
7680444
2224058
4804015
3526826
9483305
4486668
9119502
7529905
8569148
2554615
6166788
7234145
9001732
2386231
3981914
5101506
9963636
1225971
2914937
6155692
7642588
2203681
8854185
8913512
2206422
4709443
6911558
3415443
6190229
3842162
4452252
1915323
1957161
2108098
6442878
8087855
2563006
7007438
8278777
2233441
8143430
7053268
1147390
5179455
2771100
8925187
8414856
8514209
2072131
9405699
5743915
7635509
4123966
1547620
4866222
8291113
3807002
1351027
9454618
1213479
5292825
1467435
4853452
3970551
7631760
2517584
8693960
2452585
7875764
7853152
2341198
7476561
8761256
9267901
6611746
4965304
3347490
9019501
2220911
3200640
1390968
6539100
7277891
6370574
7880253
1780716
4802633
9675030
7295809
1264667
3884043
6545115
3491392
1291806
7951615
5341509
3982353
3933491
7348461
6676048
1219914
4215044
9475766
6481258
5108602
2741994
8780526
7472556
3064239
6827503
7752829
1415372
9588330
4739808
6675427
9409249
1288665
8374665
5004891
7323928
2205579
4241419
4872553
5434086
5245065
9602915
2890743
2469990
5146499
5940573
5703533
6336236
3011857
4311504
6968655
6376795
5571891
4355410
9080732
9334892
8036819
8767911
5481700
3014647
8339618
3829229
5601105
2783549
4733785
7289859
8706106
9928902
3770497
8322882
9130124
3354016
6088349
1249332
5239779
3625521
1723439
8760428
9790424
1151422
8674056
9148157
5765683
3354404
5925068
7702487
2207082
2397110
8453997
5350142
3535787
2149280
8939448
9737084
9224231
6205843
5213493
1510081
1028032
9949088
8846195
5348666
2106757
2990186
1101579
1798319
7149306
5378598
1008164
3330897
5146334
2594069
7713576
7222251
7393304
2671589
3177989
8244407
5591626
1189669
7516678
9040540
2859993
1877983
4380651
3568405
5679972
9139386
4737806
3115813
1672595
4208055
1289520
7405993
9681242
9248922
2908156
5914302
2660550
6199757
9458115
1154204
5274023
3584690
2176848
9821962
5500384
1950055
6728492
7319131
7402131
3223070
2040293
2861376
5052096
7782813
9350043
8064536
7838679
6960018
9393268
1602229
7464365
7361178
5810305
1383864
7078628
5480979
3212616
9982399
2397374
8089967
9458411
9216812
5950276
1258988
7655369
3025697
6087657
3648545
6906100
2205467
1079157
1227011
5083643
2325852
7066583
3047488
6696585
9610364
8382034
5797699
3813326
7329666
9116012
5897801
4123061
3648358
9417755
2254922
2727022
2176659
1638586
4415003
4317693
5069267
4919899
5199715
8590699
4402258
3809573
3284236
1735083
1824230
5495824
8608771
9315128
4272862
3741046
8457235
6196525
2999322
5886740
3225814
5173957
1378388
2458154
6904237
9330517
9906797
1627720
5120745
3011807
9698289
4250330
3842610
1046744
4207655
8428725
9976279
6196997
6080371
6906147
8979111
3167162
2199086
2329971
3758983
9185443
8262463
9734717
9091315
6552022
6661923
4502989
2037026
8496737
4619354
6908814
1533068
2464616
6804651
8835641
4081023
3937466
8003963
4750694
2938962
1580638
3536145
1461075
6605209
3467792
5675461
4275339
1453586
2849504
7065705
6693233
3287397
4917652
8183639
5356004
6702194
8933453
9206221
3814765
9704423
7047609
5718685
9769888
5769617
3485519
3630097
3209664
8047684
2617864
5338743
5476406
5030581
3246820
1062449
1507827
8549616
9241139
1827111
9859284
9489117
8054494
5496608
6507799
3248191
6351653
5875070
1040187
1265839
1898178
6344816
2447844
3451446
2938045
1058966
8234912
5731169
9049602
5312695
3350956
4986313
4547929
8977390
2419066
5583419
3605260
2507054
4021655
2257268
5903231
5505371
5562688
5471897
1055731
5275323
2356814
7916821
4335403
4275363
9337491
4429955
7705236
1965622
5224259
9182422
8825654
5351403
2310598
1068054
2739688
1649013
4129476
5244845
1230420
8215360
6691451
5892162
9377374
8925298
3499950
3856518
9380091
9395911
3800966
2849317
8745032
9290761
9399750
5009166
5028464
6037288
3383242
6906749
7768419
1596861
4474528
8552495
4444108
1797204
8429298
4796031
5068050
8387931
5690442
3914801
4484465
1604269
9989975
2086772
8210025
5550523
7870664
9227373
9914272
8210405
2718943
7668809
5487892
8837540
7229335
5999458
8671764
6379307
6202177
5703397
6968432
9172302
4563036
3129002
1538678
8155435
1607004
3762669
9476711
6909176
5610325
2543123
9435489
5256428
2664695
8588177
4911062
2021922
3101772
6929657
3055229
9455379
6971009
8347005
9800328
2620890
4708322
4271817
3512991
8771813
7939673
4965347
7345731
4271025
1525351
8466558
4164469
1908390
2213348
2878734
6795376
3472949
9504157
3656109
2756748
2235543
9653844
4959575
1985013
6618231
1360740
1507619
4900483
2656361
7176805
9828346
3899500
2983356
6670253
6193180
9415504
6943894
3857048
9667016
5867451
2876422
3432602
5563971
7994880
4861295
6270138
6657732
3857196
7738834
8724226
7696871
4198633
9469548
9010292
8591368
9401157
9493730
2855359
5953321
1857386
4367737
5995307
5423936
5161319
9910490
1451393
3580138
6252423
5181261
4572960
7082091
1662713
8611661
9090939
2171633
3172216
7079996
1154055
6211439
9886844
9548191
8822844
3621943
5523601
5838772
3449249
1939995
4981918
8510010
8227909
7938718
3110353
3395657
3982667
3045685
4658146
9562692
6121103
5233171
6206773
8031628
9589007
9617228
5857852
2740989
4045308
5955289
1690077
7114110
3594953
1483598
3033367
9846156
5159347
7071215
9337635
3550239
3265170
7060097
6549777
6101209
5691926
8423647
9459937
8339363
1577910
4133939
5622556
1969906
1794230
7399807
3775106
3060097
5531431
3209820
3669117
8703200
5577371
1331570
4083894
5846340
2973561
9482225
2611102
6753712
7526327
5367694
4794160
2534132
3339846
5841817
6323822
9410005
9128274
2743534
7175985
9057861
7570466
9801081
5516110
7572851
8246109
9543767
6765341
3860701
3838343
8698762
9546275
6044164
1236122
8858997
7969699
9644160
9724016
4816768
8932065
1563620
3988936
5117741
1588360
1276101
7510247
8235571
2213196
1453695
6689538
3987690
2683946
5964248
7107945
9150464
9894511
2220096
9291406
1576819
1529999
5278400
1374030
2451222
6864775
4251993
5544808
2152673
3738125
1666128
9237860
9692252
2396951
2141953
7112582
9072603
5959018
3522184
4898444
7329743
1525420
8654047
6030860
2994548
1111100
6196619
2988057
1958943
4842984
7631985
1715040
5859921
4731127
6724617
5356422
9972801
9927049
9685953
6756165
5207054
6327332
7329573
3186279
5614364
1402977
3832860
7434930
3969112
7765518
8574654
9280221
8508686
2561301
7078444
9775641
1213122
6971558
2449464
7827460
5529110
1305201
9703942
6341187
9272083
7578910
1861402
5352854
1294370
6966208
1112011
1865256
7532020
4751383
1842679
7898096
8991600
4512038
2083272
2226434
4759757
1332845
9690639
4551466
9755023
3250792
5427816
9053306
4915086
3783032
3675501
8898913
7535061
2155049
9202398
5194582
2838968
5591364
6841033
2048534
2585305
4374581
9709518
3134403
2553036
2340407
9900630
9590542
7223888
6444479
5749660
6033807
4843376
2838511
6220499
1959475
5119883
6447365
6814097
8495301
7981696
2914067
9386539
6593120
8711861
8495096
2842403
5265451
4334360
8835336
9913951
6790078
4309719
6007479
1525835
1331181
7214917
6964596
7294465
9829491
5149197
6615627
1096575
7134090
4605931
5769931
4238289
1104184
8784360
8242403
9528840
4701868
3347630
6973039
3046154
5886120
2625077
3823663
4670243
1122041
2983628
2452738
9043756
3737046
1064459
7113663
8782634
2888190
5603367
7504509
4002458
5999990
4602694
7369027
3027114
3777273
2108966
4158050
3143923
9779473
7229289
3577507
9191373
9544733
5092850
5185387
6984314
3643435
7982781
5561750
7678823
7229929
2226795
2594851
2224744
8937566
8749341
1404340
7810667
9582591
2559211
1992002
1327039
2445191
3317588
5746903
1086453
5715142
5168448
9580948
6286079
3287558
9767771
2397796
8909567
8863418
6513276
2547688
8710147
5847920
6246014
1830573
8498823
6859873
6950470
2799251
5008674
8559247
4858989
8983471
3416693
1084262
2138624
6164300
1597337
1790190
8327286
3409462
3224776
5203808
8746929
6925768
8117526
8125599
4309648
7270766
8585144
4234233
8425106
9374813
4833012
4835607
1016087
9678330
3169699
7251498
6260147
7073649
7668164
1122263
4719692
2956160
2207090
1643412
8845902
7908227
4627640
7850955
7263236
2791129
6803346
8233334
4858081
2391486
1571567
5139629
2368958
9228203
3371062
4506748
3021502
3521235
3682662
8829400
1725280
8081904
6837522
1150380
9476444
8274054
8802060
5035271
9726545
2513030
8273240
6706969
2864230
1815134
5563395
7489862
2358550
3412007
8054741
7533578
9127697
7723911
7840828
5763086
3519784
9462033
6754898
8262786
1012136
3923490
8143009
1176379
2868378
3174157
4822142
3266656
3901097
9800073
7268139
5824496
9404845
6079154
9805840
2689190
2666143
7095278
4268052
2228159
2140917
7792953
2154079
2336955
5466688
1977683
4676699
9853819
7171171
5630936
1632004
5286963
2559638
8525249
4362965
6033033
7078900
7558169
3386413
7354716
1983656
8363915
1408337
3371640
4347159
5006051
3403898
7816049
1100529
3266442
7167913
7474271
8272224
4843502
9613025
8841369
5467318
2753577
4087429
2079549
4100441
4010041
2308276
5402687
6270226
4887481
3273298
9754952
3746870
8225934
8594344
1827513
4691635
8453084
1128285
3908977
7443255
6341458
2307965
9744083
6533933
9624779
5170515
8451028
6715096
3173407
6656091
7521516
3169740
4731130
3337266
9003402
4377113
5115460
3494921
2403854
6736699
4577985
7302239
7506905
7401048
5631961
2758646
2679720
3209058
4173219
6355544
2553489
4484173
5758558
6701443
2400853
7014945
8547041
4750018
4272903
9796659
1549403
9843029
9583580
9364225
8134013
4019850
6305452
2675980
3617216
1006997
1352384
7230514
1474162
3664717
8577301
9403163
3392445
6526417
1332568
6865907
8098025
8040835
7316034
4557226
7391520
3337970
5448638
6806120
7650507
5635581
2936473
1140315
5204908
9679206
2203305
6525629
3195963
3675749
5783106
7033569
5347085
6372030
5282525
8007246
9540011
4367053
5912490
4711214
2820559
1723527
7253544
6041216
4189269
6625572
7021107
8814389
7073959
8447035
5289581
7926055
8468361
5578990
6795792
1506128
8994319
5074999
2061227
6572696
8298084
7178458
2823180
9020376
2835525
1224165
5191477
1772055
6509597
3907260
5502394
6813706
1618394
2043857
7103930
1500440
9414088
9877100
5914611
3312214
9796708
4367670
8825780
9766008
9474084
8353723
6554486
6183504
9775718
2277632
3342835
6176059
4763007
1657171
1000665
3107937
9303509
4371858
7122001
7980757
6430583
5340053
6299875
6103342
2723556
9360439
1052029
6520852
7053449
3284690
2061860
3635686
8479815
5074451
9699122
2005050
6756988
8993957
9036889
2363749
1026705
3249569
8733711
8690933
3830037
2494006
5403963
3759989
8136160
6491572
6080879
5464521
5431698
7977303
2536975
4267330
2231101
3184009
8771864
5293379
6465617
6894312
3181037
1734060
3972007
1718265
1284287
7772445
7482752
2859028
7721443
3997975
3693023
6821658
9122160
3681655
6210701
5867243
8847809
9647539
2414580
1905853
9579920
6112098
6648038
3389041
6100069
7825918
7630230
9669687
5669325
2996301
5251759
1011092
1579270
5858328
5049533
8092082
9230211
3106738
5059121
3029200
3674763
8942260
2110401
9232755
6438815
8702216
6464967
8742860
8428651
2900564
9608857
7878787
4098421
1187664
2296994
1701300
9767708
2666787
6640967
8374600
1657483
2789250
1164340
7731087
7445559
7390450
5951552
2629876
1616086
8800432
8977671
9377664
8310337
8349422
5846319
7596259
3808026
1985424
8928333
8809528
2898809
7854774
9424992
8544543
4621772
3241980
3672095
3530200
2130622
7741120
4372711
1266189
6615506
6279747
9658888
1639281
7094008
2011427
3310673
6167704
5331664
3861079
8802577
6030846
1701596
9970548
6093400
8200419
1864939
1977743
4018893
3083542
1130011
2836924
4188505
7449833
8405319
5971157
2080164
7284629
4435410
7603373
5171079
4187975
4159282
7987431
5805298
2645354
3187201
3000458
5686023
4188165
1462953
4746120
7879079
9676256
5504310
6391159
2275020
9972259
8743488
3342222
9694343
1836431
2347858
7543963
8461827
6239144
3905732
4593731
5672858
2163330
7285544
1100739
2237206
9384483
7714260
9721063
5991067
5382913
6278827
2238016
1334411
4578709
2601985
6359114
8864786
6490407
2261958
2258582
9207004
9480347
8084099
5961796
3459676
7595651
2894124
5038581
8963375
6276814
9313637
6234055
5840968
2856513
7165440
2983841
8002373
8513860
3599374
2200217
1606986
3274496
8270212
7437308
4440325
8635022
9844816
2355741
3724602
4210971
9639356
5123345
9634160
4236330
6727755
7698521
7899020
5914818
3001994
3682737
3574012
2791953
7629521
6007368
7127815
4073080
1149154
5765879
7826611
1870489
5711121
6360663
6124216
8538797
8187093
8372742
2114772
5758874
1024526
2302802
9973566
1291779
1883032
6299248
5764975
5552402
5553464
9560574
9140798
8904707
2486988
7666359
2870355
7656218
2286824
4240262
1783086
9320328
3196614
4861022
9460402
7159601
5377253
4354985
1095980
6644209
8406383
9420534
8165673
9291111
8940220
4754448
5433015
3285897
9667851
8466060
5965154
7756065
3641954
9076714
2087802
1165328
5053875
2551647
5122163
5150881
7219546
3708218
8670302
3891017
3386924
6216869
3890439
9492973
2197547
5318653
9080103
1322051
1958864
5788101
6024931
8450357
5664256
6708951
4473884
9928243
8478387
5903052
1765616
3744600
7343048
3990357
8492122
7321079
2524221
8961770
2763949
9195686
1101943
7403299
9197815
2572066
3384829
9909364
7490868
8317693
8275801
7299261
8718473
7859341
2691962
2285362
8125666
7627550
6237324
9919472
5773174
7053738
6924321
1187232
7156266
1588135
8979524
3189504
9882979
1789057
4845076
6119400
5153441
6118993
7875295
4534993
4084040
8170557
5277479
2085348
1333281
9331393
5684841
1866985
8195113
8798253
5878507
2782741
5290448
7854168
7738294
8049754
2324789
8514926
8038974
3029113
6289920
9000573
9142486
2081578
9867896
9007518
2776055
5082407
6580814
8655937
1453442
5757836
8058530
8284800
2738131
3952468
2883557
1028480
1231745
4498423
6005575
2709125
1606509
1520863
1041291
8267541
7679904
1514197
5432624
9120815
6899608
7438174
9013145
9101132
1159060
7291283
3829991
6672181
8267253
7201241
6027693
2415967
7251176
3943789
2233900
3772500
8789754
6085572
5371417
7385748
8996923
4892993
9957781
2415755
6619311
1035159
2288731
6714235
2845376
4875785
2175711
9775340
9475592
1021167
9568725
2649338
9559095
6355284
4233984
8272160
1856104
8501013
1408453
3412843
3654153
4949163
8191063
8049057
3344418
8893548
6351404
1715459
7795734
9495766
4171480
3300640
6246968
7462493
8407681
3915667
7755424
3748391
2946451
7640366
2623471
5219813
5658589
5046496
9909767
3560292
6319892
9784261
5199215
7997108
4793383
5303869
8085213
8542855
7365835
8019031
3435605
8615717
1141207
5272958
6645098
6668399
5775259
3004131
7702642
6305002
6472573
2462796
1201319
3124238
2449004
7361149
7550196
1072335
3914721
3634758
2513740
2643907
1406867
8742221
9534602
4610412
7183754
6688660
4401757
6243416
8267559
2610909
7444970
8556206
9686498
4186437
8602726
8755667
6744532
7423350
9323436
9365557
5945286
7660128
9407125
2515438
9468433
4916177
1584054
7451693
5898248
3863052
2643239
1555617
1128124
8708472
4527153
5323551
1810055
2272378
3728743
4788518
9648947
7542413
9413272
3155808
7394164
1223095
3456052
9083002
3600547
5245271
3797790
9274534
1220149
9147013
6638394
9347920
8795099
3999098
1406583
8292120
5096283
2819849
3076974
8697495
4123176
2497374
8425164
3185117
9762990
8165493
6468852
6824417
9110544
7023885
1429449
9613889
5832774
9097678
8969603
6125420
6405921
9182871
2933856
1799510
5151473
8973044
2894702
2562571
5301962
1636720
4351118
1132047
9389154
6536471
6859683
2452268
4880206
9948910
8597571
1612973
6358942
3121022
3453325
6519258
2563726
3357598
7005844
7802483
3266879
6855776
5172859
6872290
6304334
2738214
7194658
2237636
6523251
5896661
2141417
4248792
1403813
1570314
3339707
5875642
6657636
2149012
8472660
4117481
3199159
4695833
6297254
1083719
6079279
3298829
7553888
7722304
6696700
4033056
5004905
3121198
9118015
5257526
5834628
6533635
5216761
6369900
5325324
5252960
5743226
6478848
8853931
6014173
3597276
5873081
8410502
1185882
4172953
8970113
3436691
5276100
6888578
9857752
9599197
7679691
2334354
5034018
9378063
3961171
5509507
4865618
1410024
7570536
5741632
9399072
5921439
6227832
1143082
3396616
3028231
6339570
4221823
4989901
2773892
2379892
8155576
4568613
5957367
4396405
3365082
3183726
6006119
6888679
2370144
8114737
5999024
8311962
5456663
9999540
7736161
4051364
3314554
4694413
5559233
5982347
7951160
6089941
6443146
2059607
3627243
1857284
8594553
8058059
4755914
8111891
5845740
4848245
9661769
1777198
6795502
2375662
9365679
2916650
8174239
4202122
3542065
3402788
3344536
6492107
5480989
2811660
5241982
2721738
2966778
6849658
6676668
2557375
3955015
3471903
1144094
5116346
1990482
5818750
4124411
6106986
7306122
1627971
5518172
3909182
7010974
6107588
1557515
6352530
7764615
6401159
9900213
3609220
8685916
9680835
2834171
3029438
5365029
2493650
3943117
8147269
5403019
4984335
9568945
7790170
7659294
2633804
1503419
9399481
7166943
7133023
7684334
6475648
1834751
1497373
6743674
7729937
9643448
6422158
5762958
8088931
7546979
4046907
1417152
6022421
6852570
9935732
7021778
6099003
2230927
9173862
9161952
4488053
3103644
8477517
8700016
5778254
6661309
3303037
3968746
2196402
2332299
7452038
4617488
9988380
4155091
3552569
8208991
2925469
5080206
1914517
9282719
8782752
9623074
2131791
7692496
4264453
6646802
8172496
1882846
4710123
2124114
9923728
7952358
7120307
5323622
4494275
8655242
6449882
3186355
8081306
3027793
1402015
6511589
3373429
9459915
1838950
5317875
5570879
1338892
1864251
1849169
5264665
6109398
9858617
9835653
2344323
2198405
5912236
3210917
3192375
8208734
9701318
5559398
7687688
6643999
1868831
1399056
5997843
5833389
4562583
9226873
2511395
8137234
9970952
7273918
5594986
8563829
3513398
9991522
3198934
3060167
7595946
2326321
2406298
6124932
7414191
7253684
3549022
3606599
5990275
3303818
4283241
7679513
6745146
5207572
8281797
5994563
1004615
9746811
4201379
8290634
5245852
1861126
5242096
2721299
2763123
4496758
4066967
7400856
8100501
3082734
5725143
8038170
1150802
5662477
5069808
5558431
6071569
9038582
6483722
6396822
7433194
2926010
1525430
6096825
5113601
1132180
5001584
6805762
5319933
7021118
5578972
8203258
5691153
6403219
7328512
2475478
9094098
3837876
9229018
9330723
6055538
3422591
8077226
2673972
6240187
4859517
8773210
9763185
2592351
2118515
8288333
5480306
6466503
5391828
6791669
6609021
4142714
2397677
5711961
9845565
5982248
1729578
4159870
7099019
8156759
5323543
6002364
3599282
7795796
3264409
3083252
3601102
2899525
8467694
2895983
9100204
4329590
2155226
9295522
7444584
6263178
7813565
5214312
6043611
8992300
2858673
7671687
7493092
7535254
4459504
3219080
1385730
5448072
4684086
6234785
7394247
6495372
9558939
2369076
8494015
4841026
4593556
4651172
1510304
3448215
6673091
3619222
6495988
9794618
1407380
9665382
6192430
2508353
2834561
2755891
5236018
3596800
8495313
9087301
4905136
2293955
9702317
5206708
5201042
2318342
4247371
4114588
5089444
9933202
6436694
1939456
6832236
2192947
6647886
6215748
6776515
9421095
6887509
1937598
5467771
9531768
3478426
7477127
6719698
2816756
6663250
5441150
6252133
4381876
3549579
2981092
9591960
5783059
1438450
7526623
1270310
5712345
2553529
3367848
5071292
3989729
2213314
3866855
2787531
3561839
7332495
9311106
7472326
3835925
9118429
4106313
4127953
9579582
8082341
5577556
3090003
9275700
5866893
2046944
5713518
7596983
7582136
8251503
2950708
8206078
6907994
6140679
5607596
7661722
2356951
1122294
7580342
2552168
5609748
6477635
6737043
7572102
3326382
7569303
8789273
2305665
7375010
3324109
5627030
9731566
7937469
1839863
6720067
4268768
9012901
7684443
8285827
9008697
1160015
8423973
8967468
9058955
6812715
1721277
9197990
4949231
5878166
4761347
1280018
1038167
9735702
3435770
8329868
2064489
3390075
2806323
2271460
2512548
8751397
5433275
2551218
8763504
6844217
8622166
4681553
9316512
6061736
2874125
6600206
3066714
2699313
8443029
9744968
3738442
9483598
6275361
6526138
3810522
3496765
6925594
5116456
1766718
9400024
9886477
2948430
1094639
9596471
4166614
4582704
7503309
9345949
4911947
2988293
3593370
6915593
7381282
2397533
2002756
7668702
9312015
7792053
3202619
6697190
5350736
5044809
1175491
4246610
8756187
8052178
5153595
2058637
6814314
5455128
7120710
2108849
7077356
1480177
9701312
1791066
9049015
9043459
9623117
9412707
4880268
7065751
9664958
2806206
4294187
1413183
4975525
9883928
1334680
7735098
3759811
4121172
9440014
8440533
4664791
6518400
9219090
9502268
4645032
5492805
1117946
4018450
9550070
5523458
8128479
9783046
5606853
6137651
9648295
9557286
7352947
4367927
3403464
2111952
8326948
9717960
4328089
7088623
5787882
2984918
1380538
6804020
4602114
6554390
7265479
3166789
1566069
1482599
4431951
8805130
7627611
7573126
5544163
8876478
9101230
5237883
2871533
6217763
8745493
2104387
9641687
2613457
8233743
7091848
5880301
1420441
4452370
4927126
5475052
6511077
4749628
9412695
1834011
2576595
1274169
3125498
9169442
7037634
8840485
5948288
3498659
1696435
3198924
8550519
1137493
5525140
2424591
9769603
8242216
8413849
5805353
7245730
1270581
1889349
8107185
5856926
5654860
8098320
8825914
1262041
5983371
8513945
5773993
7535196
7488605
9666550
4768807
3274521
3752609
5757298
1047239
2186762
3467715
1111719
4364681
1056505
2118696
4509540
4228287
9337546
2585070
6667313
2850135
4120039
1029761
5115744
9717458
1398530
3943765
6449719
5214083
1088176
3892503
1886035
4908788
9649876
2006366
8658711
7827372
3449850
8406682
6383887
7811732
4629534
6722634
4955702
6885716
3729436
7577460
3029654
4828729
5083393
9885184
3851489
5002433
1368434
9672781
5443836
4104481
8612548
3138487
1279788
2602270
5085996
5266065
7470028
3498250
3209336
1692886
7408389
7876937
1481174
6779222
3626679
1355172
3869564
8895543
8938200
5202748
7289495
7552864
7636635
6366522
2312736
8068421
9038899
1522190
1943172
7510279
2839455
8907143
5324548
4503972
5366705
5886522
8247405
3426670
7298010
7718661
6905928
7026607
2973384
8555085
1444780
5079253
5014292
7200661
1730259
3418809
5207517
4739082
6234467
1645454
9002041
6818316
1792150
7631727
2803693
1429239
5803573
5110129
6697075
1831370
6052544
1942778
1526436
9249167
9109066
4482025
2449479
7345732
2047219
8361744
9680592
7719360
2720021
5234726
8732820
2001649
6660547
5667881
2175981
4367677
3138199
4247932
4920770
3762958
4914428
1550356
6690441
4417763
6293556
2298361
5456343
4180060
8477307
4303778
3005903
7020493
6518779
7803833
8659801
6987215
3180457
6223288
8826862
5673355
3542617
7733523
6315697
7479247
1338734
9426751
4228712
2407309
1891140
9702699
9301196
5835569
9303810
1138573
2283574
3398530
7997874
1457471
5981779
1857845
2975515
8307620
7861889
9511837
9867641
2318957
1785290
8083831
7704644
8782080
2978136
2936084
2150583
4318450
6651530
5721608
2838178
5352259
3789319
7930410
5387338
6218082
3177033
3511004
9744751
1649026
6367011
9269269
6811110
7227581
2487310
9598091
5849601
6544496
1349897
2785958
3860116
8673654
5498360
2673339
3786689
1076272
2672311
3781614
6095839
5527244
6748335
4576082
6926615
5275253
7250968
2921533
2370136
3955571
5933167
5398855
9715923
5213835
2230162
1605218
4710681
1504274
3542274
1436208
3797676
3551677
1462457
4051433
7513963
9078644
6894605
8630163
1452491
9323256
4948844
6623198
2011834
3150337
6039232
2795063
9530534
7900124
2204084
2116581
4130246
2633348
5072128
7632450
2320447
6597736
9662762
4968812
7984834
6976061
3603878
7307267
3281604
9737980
1463656
5268724
5153847
2763111
8190256
1122767
5956695
9145039
3583981
2631910
4072848
8005553
7235821
9963911
9044638
6340881
8282116
2698578
2497981
2228294
9754851
9716854
6433427
7512240
6425035
4131064
4927418
1355383
9708274
3906149
9086163
3916301
1584070
9845186
3118192
8450094
5649184
5220120
3715328
2040942
6856460
4420709
7231296
5699179
3241502
2960721
1019080
1345540
4620534
5531901
9153181
6508681
9188912
9218170
4013646
7776404
4550765
3553344
9684881
2610608
1324950
9834701
6764110
6546544
6562067
6637984
2590789
1186866
3495671
1293390
9305932
8143526
2015807
8823675
7288123
3095664
9776387
8033093
3934460
6613661
4555604
1233581
7248589
4265245
5237294
2075934
5787641
8612365
5038224
1671443
3175198
7035264
1728339
6755507
8491192
6489461
9635503
1253480
8298798
9738092
7000404
1540015
8997267
1534196
4813808
4120241
2819409
8083920
8448228
6263595
3198129
3174420
8926076
9633466
5319478
8012114
1653855
9519955
9340859
4652800
4159708
5144969
4631018
4111110
4322279
8628423
5906295
5251812
2013562
9213313
1050908
5204666
7093175
9762941
4529543
5397443
9273037
3342958
7711529
1574251
2217417
3793836
2147352
6470464
4845264
6478061
2677487
1355879
7772394
6149544
3720501
2168704
3619306
2074651
9134980
3415531
2929947
1549738
9811363
1743972
7408685
4788315
2893175
2631876
2517488
4590311
6491877
8092994
8619096
8666499
9934459
6504889
7468219
8904623
8813376
7652059
6625967
5494989
3412857
4392061
5051816
1398213
2902446
8840612
3698896
5781872
1234397
9777608
2653999
6447547
2700717
6284326
8267798
5698902
1493254
3163940
7209951
7489542
9476447
1619192
1579840
9787422
3694544
8601530
5096608
6635268
5387666
9440011
6849777
8161226
8458356
9009340
6833431
7761283
3024559
7988371
9339079
5266832
2100340
5286115
8023428
6314915
3230429
2532570
4542390
2576843
6288098
8432000
1919349
8523784
2700037
1618158
6386917
6082873
2584656
1849261
7725666
6931587
8759902
7497673
1069078
5872333
4296655
3816092
6047496
3103737
3452152
6572606
5526248
3817388
7444786
8055756
3686400
5973873
8521018
1390480
1921206
8110794
7031258
3326666
1290568
6051927
5611487
6137788
9007231
2910884
8435034
7488635
9796879
2800365
8975211
5361940
3109974
4234061
2950723
3283853
9275835
9583599
3411752
1728557
9979353
1097747
5521007
6755397
9642725
1849725
6548221
3330840
8061780
2132297
1018423
9061936
1543209
8106131
5048547
7864362
6379478
9544837
5929519
2318596
6332609
2313658
1316937
7511790
3530665
8073978
9988127
6068854
2455985
8730398
8125104
1232472
8387604
1291237
7901338
4777596
5244617
7734511
4056757
1000281
8425674
1920714
1625273
2574507
3560976
1943754
2781420
5895864
3477610
2544006
3520014
2395320
5781158
5678488
2149105
8531973
8091303
4194772
8058267
7154256
5107120
5904860
9442399
9965910
4709927
9494539
7462020
7843075
8731166
5179240
7182259
7456980
4141934
6277060
7771159
4591002
2572214
1723662
9040288
7735429
6245371
8613014
1746256
2800607
2944472
5865385
6612259
2645090
3361368
9087252
2119609
7780147
7173289
8296988
8906046
8285977
4641348
1323988
7093588
7392016
7463403
3872959
2220111
4394890
8378402
4681704
9153729
1633975
3931209
3205991
6218552
3990667
8363761
3439606
8917581
6867952
1972598
7511844
1464622
7790749
7339596
5224113
9140751
4212543
1183949
1930747
7524436
2121623
5847146
8305736
7066643
5424763
3153232
9102684
9931376
5151576
7271477
2060900
4315464
6709904
4110123
2678307
5867059
8982568
8248572
4928645
5425388
3725316
1137528
8019170
6160867
5468638
5065211
6757636
4937589
8737156
8785962
4896147
1697874
2346809
9496088
4953592
1893152
3963822
9632428
8221400
4466102
4237849
8996279
1328722
9577444
4617966
5932987
5566756
1002105
8365597
1819085
1197347
5208214
5295051
7599661
3691329
6621881
6896989
3779534
9821756
2870852
9667089
5745602
7183395
2521416
5471575
5028736
7459482
1933916
3289160
9620713
2644362
7443555
3269596
3393719
3842434
3571812
1951729
7109544
4356146
6801508
8509833
6501906
5817585
7744890
3751437
4871503
3359563
1623305
2395113
8762835
3768225
4843636
2338680
9953012
8546435
6484565
9415736
7081209
2534153
3788566
3706904
9421446
2156794
9404444
7040016
8111503
4413579
1009849
4789225
9706876
1368555
3598690
7116134
5452596
4802045
7595312
1759218
5817733
5224384
1941923
4227331
8725947
1167219
7839100
9110887
7649512
2103484
8074273
5972958
7801115
7803538
7208567
8542111
5996859
5604960
3054164
9516622
7765590
5598661
4842363
6005413
9905238
5524337
2730899
8836434
2802580
4920073
7863514
7310530
4187903
8318503
8745270
5529811
6188727
8498499
9084004
9368135
8727525
1574725
7402246
3341679
4603318
1873623
7650983
1917533
6120361
8973325
3025392
8234470
5708196
6640232
9407529
5494415
1013294
3805275
5621760
2188446
7183465
8620365
1197590
1651972
5087510
8504136
8897866
5310265
2872286
2528944
3952174
7750008
4901421
5744615
6509097
1129652
2104474
5033047
2954941
4207850
4994230
5006089
1413187
3979624
5027097
3993965
8280355
7175045
1451348
7566194
8694417
4100194
2497186
9566736
4788468
5288537
2276920
5711771
1190377
1521181
9000527
5402554
6060032
1457553
7770207
6997808
8667661
9122173
3190799
6090570
1967170
8813133
8632155
6584722
3705123
4870299
4850326
9561955
5885682
9762048
7997576
4989885
3535925
4908014
6618705
6869354
2678677
3516681
6330910
3002329
3576984
1753894
3764612
9551450
9335602
6178212
4591531
5548002
7540288
9671385
4719230
3229305
4851229
8157455
5940768
4419434
4318224
2666185
2737937
1233114
6422414
8918328
2082098
1786644
4118324
7588554
5385469
6394043
2681809
1655020
3482360
6738769
7703786
9704518
1396492
3088871
1251205
1391887
6666913
2446093
4952706
2840906
9051725
5689715
7844279
7457745
6478270
3286400
3901195
6305816
6289011
7113243
5170590
2171252
4187138
5342271
9420872
4988237
6679717
3916212
8158055
6513097
6547863
5646787
3146396
2549475
8097374
4036409
6126528
3369107
5958586
3802479
9190164
7101734
3049341
7088920
8731775
2415161
2853571
8330068
1955492
3130273
2537884
4216724
8954315
7769582
9750632
5801535
4273270
2668568
9579715
9964620
4549439
1994154
7229881
2983815
9179113
1032502
9035028
4476776
1057092
9337168
8312116
2865834
5472358
7030646
8313551
5559393
3304310
2297255
7097688
5990087
3987018
6125412
8321453
1847368
8374756
3752540
9493084
4210939
3741209
2524363
2205518
7745451
3838587
2954589
1585288
6909254
5464911
9841110
2416173
1400573
2452017
9382685
6394016
5178029
7172663
2612194
3411689
9688957
6739540
5621045
3058582
4075680
9124894
4378704
3450868
9453564
5878682
7416279
5792942
1146492
7815055
2860214
7110670
4452706
7553184
1809267
8326058
1111544
7130518
5304429
9650625
1711520
2495718
2311812
9523670
7654209
7131975
6005546
5952813
2739556
1451952
4165705
9241316
1224200
6189151
5689863
9699539
3699058
1458693
9850343
1142063
6320240
3113392
3925025
9884275
6957040
7301521
6000676
4980113
3413091
8233880
7621057
6416920
3369151
5218212
4958787
4371871
3501485
9812872
1010878
4975769
7959255
2937098
6264341
2268897
3142341
9471110
3730447
7116665
9769481
8881756
7164739
7159173
9973129
1017557
2069779
1857925
8883925
2235716
8453535
9732780
6705041
9220850
7704979
2363922
3248428
2428882
5946619
5731281
1294473
1145607
8300677
3560431
4581773
8005436
5510751
3350439
6901001
2882003
1581561
4254237
7758354
3765135
1727637
5811410
2248679
8000030
3821237
8557005
1302489
2283721
1425958
2349490
5704041
9005574
5033187
7409216
6897894
6014409
7923172
8746278
2442293
8752191
2953744
3523462
3517646
4007179
8751895
8348461
1636044
9566045
9426853
3096969
1210012
5500695
1700899
7955316
8050840
9534578
3814240
4319921
5199981
3453089
9661519
4255621
9965708
7194572
1800217
7676944
1159981
7872841
6793774
3216804
2416802
3419078
5227423
8649245
7894530
6607682
2394663
6712659
8083604
3291132
5930283
5434132
4190447
1559132
4497318
6030309
8187374
2250346
6390401
9679106
5846000
5833436
1159955
8691652
8638928
9020884
6301221
9324739
1248474
4514289
5484680
8526285
5289823
1856940
1016138
6226494
2288970
7781591
1338406
6009368
5275555
8056145
9555122
5261790
6138771
9653973
4328614
1364748
1762472
2174765
1231651
2909016
1195267
3518977
2249930
1087239
9707327
1947997
3545590
8711794
9668276
5228697
5484308
6179712
4732453
5703666
4322856
4276408
8028629
4512690
1268867
8464030
6148272
9023180
6014188
5839726
8549681
4648115
9655667
6405328
2247831
7560412
2728229
4554132
2876621
3685529
7745035
7158446
5989497
1831079
2338797
4703323
3068412
9077610
3001304
9799788
8482522
3530824
7087323
9865747
7354524
5401060
3897487
4116796
5165868
5278548
3588839
7403054
3296760
9878518
3736821
1722227
5411418
6057382
7840454
5125420
1276022
8054435
8489560
7037441
8364069
1991819
3738626
6436032
5616792
1974404
4803173
2899091
6875600
9599733
8897361
7720759
4257558
4056149
1193634
7893923
3391422
7070474
1267284
6454374
9770712
8297437
3313579
7235420
3622169
1545452
3777655
3638946
4225782
4657712
9112951
6982104
1847875
5908049
3367637
9012647
6159146
8376286
6914650
2573604
3078991
2336626
7743107
4378716
5178451
8933932
4684604
5611609
9258286
7878702
5381970
5930308
5044362
7094032
3460606
5750363
4848757
7759614
8546472
9846725
2004102
9606903
1965353
2064419
6519251
6222120
9331006
3505994
3994626
4512065
3151633
6808183
4091502
1627022
3489241
9573682
3236115
2263289
9154620
3439623
2493549
2808423
2201963
3342273
4174653
5080760
5968798
8661384
5887124
7901075
9867393
6004332
5108533
8484385
5266070
9779011
5523270
7805065
2533148
5795312
4400198
4465380
5584944
2705860
6747444
2985818
9407987
4547513
7072279
9824630
6876603
9128981
2192265
8658509
8870101
6866709
9663345
3838445
1957675
5015683
4142185
4633723
4332913
7336369
7017747
2797670
9414870
9976446
6604507
8921363
5124793
9424704
2874488
7090936
6310105
3722307
4478332
3153662
3409416
8044786
7470790
1470264
3680866
3855268
4748532
8925817
5478537
7719312
9464391
9495438
2499220
7445404
1539585
9012968
3709610
7106459
7661537
9751029
5137913
3854397
4105042
8762479
8826283
8978764
9591472
1322037
8450562
1202836
1547947
1269417
7351074
8543635
2733384
2370034
8424182
8378010
7153878
2033651
4448200
3852571
7744326
7261228
1762347
6237563
8142246
3022127
3638834
4011714
6414814
8171407
5187054
2966713
6435155
7447860
4070435
7776571
4712244
3106818
4914923
7305704
2051347
7931163
4193655
6260222
9846150
9700610
2986258
6811376
1534638
7566066
8148863
2186228
4423038
1886366
3402126
1497048
4617287
3575739
3399554
4019342
4100610
9657507
6036078
9286112
9370167
4329099
7392912
2875301
7613022
3002784
8872494
2384733
9150252
9132893
3535096
2915193
8008295
6484800
2272725
3690407
9012580
1572031
7050081
5679285
6567303
8666773
9331326
1985228
6921868
1278090
4448442
9600735
9064542
5120938
2253465
2608260
9981598
3848076
9736692
1834082
1885373
1810734
2515737
1374692
6139956
9328119
7921644
1965293
4635147
8289477
9905606
4365086
6147512
9722497
4338484
8725836
5990018
7211665
5021643
3811037
7617350
2669612
3114090
1196613
1793417
4786067
6124087
5611155
8708006
2212046
9222293
1181370
9032986
6945300
2290582
9796526
8378189
9903800
9000629
5833219
6825155
7996809
5373158
8310500
4258443
1921865
8300482
2988163
1724430
2208089
4201701
8978588
9094364
4210258
3667561
2750488
8296323
1421167
7730280
1328511
5289153
5253322
9306548
7948877
3312435
4833252
8975347
1824281
2524182
1864577
3826921
5215458
8960886
5261867
7883798
2652915
1265652
7233751
9864793
4634872
8482140
6352229
9621051
4067634
3347278
2526428
1716000
5942592
6725005
1106573
8175307
6678143
9593302
8498591
5924297
7440571
3962419
3744884
9833817
6756182
1369208
3989305
9401169
3080289
5032492
5820252
9669867
9336234
5457923
4882754
4902218
4569597
5728171
4188566
6826174
8784870
6198429
2473433
3046863
1725949
3751094
4233686
7588825
4701275
6559454
5172062
3348764
1392213
2137447
6191860
7616167
8472558
6304201
7908361
1291637
3058250
7090549
5953699
2986872
1961001
9186473
2324154
8622332
6432225
3605363
6036412
1081479
8255327
3535192
6762642
2383918
1250144
8495574
6969506
8119722
7022539
9185879
5891622
8027413
9349585
8971457
9070677
9404807
3506680
8482908
9718497
4546829
4824900
4326450
4020473
4882779
3711936
7867325
5406680
5945257
3832900
5706444
7760446
6744067
7891215
8615375
9339030
7257941
1406479
4756013
5796632
9178046
1920206
1839820
3735608
6047555
2285496
9048736
5749895
9301767
7748227
4958270
7211984
1548329
1783359
1683474
2388974
9661486
7195630
9285703
5137580
9661727
3648094
6374495
4839413
1129437
6521149
2758827
2306094
5443324
7887051
6087404
4040729
7731005
1027958
1490018
6712875
7906511
6450243
9937156
7747209
4899544
8205217
9853737
9802543
5627800
4617699
3785790
5274665
2651279
6835086
5055103
8757013
3668951
7032231
6402483
9227121
7643316
9099616
4115131
5464545
8052234
6823749
3720322
1806828
7004734
5559883
3866419
6989192
5970681
4596448
6886014
6289611
7582562
5470145
6119796
9373341
3214683
3669088
2474149
9670610
9973911
4410941
8626990
7898124
3108753
2800831
6261728
1490513
4645591
2160050
9207071
9541008
1374384
7846715
5870696
4206490
9708603
6157171
5366774
2432775
8553313
6209993
3894189
4983927
9759637
9790075
5539831
4266763
7917731
2860414
1339655
1880170
8001293
3885476
5277100
1120736
4927733
1577134
2944671
5741829
7825543
9129218
6617239
5656395
4336566
9090887
7433340
1735946
1883602
9044191
1919035
9063359
2069127
8979245
3874913
8677579
3092817
4533015
4265803
5682408
5751469
3308125
2887604
5288609
9136803
5510683
5121367
2446426
9011571
1954940
8586871
9868678
3358684
3549600
4762660
7163993
9506348
9197688
6059960
9667421
9824420
3565255
8588659
7603593
7344458
1401131
9257307
1835591
8806309
4651381
1747871
5053093
2606812
3872925
6836341
4285950
7803207
3724354
8870001
9294450
7658722
1260769
8077008
1606732
8980918
2316012
3122397
6036611
3860609
5238333
3305844
2280043
3317441
9950475
8966837
1467572
1377420
4404373
1620610
6696284
1614250
4985461
7262699
7739081
1545375
7677543
4658329
3344122
5448970
3783762
2299945
8542047
3035955
7325237
4750883
3701494
2147613
6214982
3080715
7252504
5782079
6862832
6022399
7239235
1241208
3017444
5780265
3465681
2039667
5723642
5290950
4278113
7018936
2262951
8997688
3259085
9736157
6821961
8970456
8017349
7313716
1832281
2553879
4463138
9718350
8719681
9159879
1207069
9411296
1380374
7548917
6411609
2528724
6148680
4663689
6448790
4660194
2470392
2823376
9331912
8612472
5758474
3812504
7443831
7548127
7795955
2125509
8295569
6060167
9135492
7676659
5864686
6892533
4134697
1839756
9025394
7459299
1514995
5840572
7797624
2508656
9301765
2039739
7577613
5530361
7448933
4975826
3891563
7503336
5131889
3719336
5802312
9783346
3486589
2410871
6600790
8754743
1247682
5729034
8525676
4499493
8723169
9823297
3293557
9939669
3305200
9430959
6891168
1113970
2749797
2472051
3615464
6038845
8122065
6897725
4437653
2092582
5083903
7148346
8864011
5880192
4178213
7923052
6702841
5344115
3545803
8059771
9701941
9678399
2474818
4951639
5254535
3678767
6658046
7212546
1719683
9764299
9082392
7501913
6887027
8946378
7968029
4024362
1421653
9321175
7569131
2065852
8681312
5463058
5643158
6054138
5974653
5768786
9907286
3259465
1855140
6799449
8618652
4648276
4009301
9687104
8612620
2999973
1713953
9165164
7515509
5858239
4639920
2937296
5856975
8989776
1531756
6398548
7987893
8608140
9750926
3702422
4260692
3320135
2387159
1225007
8923058
7318210
1838610
8095840
5500899
3849185
4709905
8988030
7118000
1584043
9334717
6637331
2454289
9219115
7832955
1633710
8374893
2922558
3862651
3281924
6067599
9966446
9504354
4011584
5054844
5623598
9915779
4315985
1163650
7270558
7564442
2907187
9520523
3244920
7920602
4350465
6727019
2410627
7175439
7464616
6431663
5420919
7562638
1176477
1679895
5480722
2465316
5928667
7748861
7619810
1737629
7180911
6348783
9567323
1414270
6042902
8458897
6845146
9612845
5553962
8132783
5353074
2148160
6678439
5700658
2351750
9996412
5275236
9011488
9265176
9094567
9881511
4980321
7459033
1126880
2976873
3551456
7560345
1165957
8540916
4723335
6310416
6931205
4506681
4378455
2760005
2332168
5851694
5223790
8571471
5009820
3601679
2377273
8844210
6306226
8576147
5766661
9376067
7850656
2407354
4361321
6564950
5234328
1304333
1621839
9222703
7234018
1197238
1223323
7995112
4876086
4595345
9822722
4571922
8651796
5923281
8493951
2882134
1724927
7671999
9571586
8777453
5890231
1665321
7458946
6381622
7296535
6587471
4758757
5270824
4113319
5771787
9904406
8523576
4523675
6437240
1251407
5908836
4941764
7559291
2198791
1457351
5006054
7631689
6834294
9497455
6184649
1119225
9381247
4565317
3748644
3212867
9304837
8190789
3047439
6211535
2821801
2133311
3372736
5798418
6221891
7434396
9962681
8718590
6656039
9727411
9353312
3929474
4733474
1470453
2081431
1574377
2332030
5449895
7123965
8823926
9289739
5561568
6059613
5574951
2387959
4808667
4493862
8755192
1117887
3683062
4119940
2726667
4804710
2171939
8951852
3472774
3666565
1252439
3350157
3319821
9985692
2056553
7507158
9994281
1435513
9540932
4796627
4706536
4905383
9539543
9490604
7754414
2450073
7754395
5956368
8720828
6670111
2908799
7975342
7525879
1515336
6648976
3523757
8721219
4558185
7096981
9377428
5515401
9341077
3555569
3074924
2208926
1148173
5525601
1235045
1098757
3694019
2965536
9543327
7515504
6782834
9896367
1765739
3418754
4318104
1517427
1027425
6622919
8511367
6297529
6906291
6616912
2736344
9156356
1219514
8270856
5124913
7875106
9153224
1238940
1767441
8623451
6481830
7272282
7216770
8447891
2943095
6504544
3885279
5810649
9322804
4281408
5642239
7288176
1602353
5910394
3163128
6737037
4272897
8758682
7612799
4702946
3157670
8302354
4223023
5263377
9015436
3396706
8429224
9309724
4017447
6825343
4431003
3953404
9690018
3423729
8686340
5965496
2968801
2419825
9584071
7354776
2445465
5613074
8894862
6778281
7514111
7038557
1460233
9287723
9466191
1705267
9727887
9451872
9762583
1494278
3453349
9706103
2495811
3987825
2521085
9029282
1327218
1404641
7093826
1257100
1900928
2365731
1404449
1360759
4341950
8997863
4872962
2326236
4535015
2837556
1457911
3567194
7476429
6714549
7950764
3719100
9234852
4528291
6496984
6473406
5983653
7976837
1108019
7973183
5018526
3115429
1264873
9732429
5908712
3439644
2714070
7230564
1856905
8290984
6805770
6439224
6488468
1189163
9332311
1901541
3994526
8075999
2675930
7382700
7394402
4258448
7115087
8800136
9208487
7081226
7214616
2760073
8477953
6475493
5675983
2463152
1329838
4180661
3179602
1250547
6744482
9338470
7524847
4481243
5614357
5182343
8742152
8379708
8831035
2427381
2516200
3776787
8300365
6005779
6244639
2856086
1098342
4398415
6938131
6050920
4332537
8246312
8761417
7903675
1595002
3825718
3538522
6329434
5876762
1606131
8905929
3710294
3747831
2917784
9494060
5370865
7542987
7817593
9121081
6420761
6652780
6247645
5480804
6023655
9246037
1261967
7981166
9916608
2117779
6502386
1603313
2134427
8398274
7157645
2369729
5327283
7851537
6033370
7426637
6170038
6259987
5305069
7435454
1841830
5292512
9328098
3325175
5704119
8551404
2227446
5037687
5937674
1693815
8361930
9785019
5001248
5632341
3570029
7589280
1555027
4371454
4579145
7567071
1004217
7437569
4744784
6926234
1520169
5451741
8747544
5962654
2803859
9086961
2749707
6647114
8202746
9149260
8972931
5227376
1739740
9099511
9700542
3634505
5834700
5394163
3353757
2726765
5751023
5641677
6379355
1820619
4901070
1244561
7043252
9557639
4523738
3099895
8190218
6137322
6105110
1301783
3255647
2346623
5955377
1740499
3899135
5007019
9186674
4780260
4279117
1143405
7484352
1952277
8084217
2248710
7385905
6821600
5983191
6336523
5760251
4931279
8930570
8387769
5377273
1511508
1719810
3733504
5004559
8806251
2703363
4898723
8234617
7695278
2022168
1979383
9411728
4455785
6041672
3635459
2016982
1578376
2930566
3753031
7323700
1727806
4716966
2496888
1155784
6036352
1651374
3382259
5733396
2004209
2486154
4049952
8775836
5950687
7072004
6296945
8743832
3759542
4283563
9383108
7196242
9625827
8382907
7764333
4563169
3773532
3648797
7233824
6285543
8095223
6942735
2474278
8463414
8512265
2722214
4418030
1619106
9729856
4629458
8904734
1357506
1445131
9103587
8454498
4185000
5191401
8972794
2412500
4019899
9773967
7186090
4962021
4343434
1781942
6080903
8805827
8858771
8247820
1825919
5395916
6649659
9114866
4505088
9993194
8489713
9010654
9024849
2172000
9543373
9282003
3365213
5142964
7001982
7310310
9093972
8139677
4828972
6563706
1397220
5988960
2792386
3442559
2228375
3818646
5858984
3009886
8500350
6014312
7121799
4044560
3626374
9065709
3827213
6045816
1453241
1967852
3968698
3703807
9028151
9504070
1759828
6543663
1716181
3841294
5016111
3038306
5256879
1991403
2995233
7858339
5033401
2429213
6471572
6364485
1177852
3024879
8990116
6087372
8435142
7272956
6695795
9806497
5133962
1305053
2907514
2990570
5025513
2554114
5685059
9917385
4704096
6813920
4468444
1986388
8408684
7784250
5971534
3847510
5256802
2482995
5036461
6027556
7674931
6417331
5216626
2292674
4897271
9539184
3890327
9485559
1083560
5426487
2373265
4323975
4985106
4069203
9811380
8750071
9100842
8884102
5640907
8221191
7970819
6084870
5470703
2546947
8811888
4419458
6346777
5495218
2173630
2509109
6903610
6416988
1287784
4063714
7866298
2450190
6972689
3139201
4239311
4836128
3518892
5597889
9394993
6861169
6309696
5892823
3520666
2285480
6200938
3357726
4048170
9031015
6380922
2187648
8092588
9318860
2003738
9003260
4908722
5055488
3184715
3783881
6149368
3135556
2480945
3752018
5478230
6142696
8546713
2024746
6316807
6235366
4218506
9640402
1447953
4298551
7795778
9967681
7389125
5018637
8252362
3339388
5805433
8307089
1901163
3348622
8567051
1863326
3866257
1991098
9802369
7679510
5719104
7440318
3390925
8385091
4733478
2370691
6092646
4984385
5020257
8211507
2234284
6404618
5073314
6379826
5972939
5522498
4618633
7301257
4064852
4999901
7592913
2240279
4792863
3320406
7597231
2143568
4654549
2133226
3527015
2111363
7459836
5295772
6235238
7432302
3609675
8830642
5701759
8544669
5658193
5903584
7816551
6371580
9705648
6293140
7378539
6910218
1088863
5735914
4978628
7326903
3561607
8506313
9196241
3131382
2105749
7119325
6788741
3339367
6250273
9776959
5449122
9828006
3224365
4374131
3213254
2368121
1855818
4598240
8450939
8863681
5651335
6372454
2151596
2528702
7272146
5015403
1300182
4066888
2131059
7983302
5403669
1058075
4497958
3444592
3680536
3893939
2055033
8601040
3050007
4216377
8546919
8135606
5506771
1804237
7425547
2469274
3619982
6671005
6239216
5440134
1916716
3193013
2453424
4639450
8730248
9059247
8544922
5842095
7185091
6414477
4655145
7324535
3373978
3634709
1016138
3717979
7068304
6373445
7867477
8436572
1751499
9014527
5335920
2180694
4977162
7282287
1837095
3445954
4519879
2190755
2010311
2573716
8441400
8901906
7201701
4568397
5815595
9227769
7496929
1510890
7480658
2026810
5425160
7124548
8928549
6309077
8397722
3621625
1792359
4155724
8285497
1608547
6515619
1022458
9009210
2877504
7550343
8395948
8452608
5172523
3927400
7587651
3711974
3142433
8778312
9019161
5942453
2799719
5160885
9417458
5937318
4683137
3809283
9175573
8428265
9832342
8132532
8459396
9985415
8843667
3156757
3328552
4731091
6647885
9758229
6183912
1023928
4819996
1785905
8089732
1479038
9138932
2421627
4952310
7719582
6681878
8319315
8692136
5245928
9747135
3076061
2363148
9970514
6416639
5740981
2940944
7326971
6671285
2305704
7813216
9723263
9841457
5873708
8482033
7848685
7159642
1152353
8561043
6201247
6830577
5418986
9043711
5574458
2841198
5600870
7189290
4546014
1494394
5864123
1191377
3589654
4910501
4363460
8691541
7836675
9230714
9409545
8601585
7999142
6947576
7328840
2754802
9388748
7157794
4061659
9644759
7258982
2297937
1162409
3805178
1897313
1357408
8057032
2138445
7376058
3623168
6088066
2856256
8999654
1439238
5086454
1596059
7671352
3094202
5380882
5608055
2838931
2805058
6128079
7175258
9848530
8970479
5031878
4715291
1587086
6336694
3249137
5411650
2498879
2989722
1506043
2449517
7596773
5314096
6718572
8060822
2438617
4070827
1996615
5099817
8719318
2674417
8831877
9724541
8938326
1652990
9977287
8211209
6882682
3285424
8154231
1949674
7649240
3669859
3879144
5086225
9993299
3545390
9838215
7585810
3623623
2011782
9697065
4920899
7621012
7539162
4593373
2931451
9599100
7612919
2534845
4182451
8945399
1216156
1821504
3357745
9751462
4015217
4561099
3715931
9397294
9438708
1077961
8947104
5697031
5748412
4985199
1309254
3413077
7954794
9403509
6933208
6834046
3915501
9504209
7223574
8354148
6801413
5747589
1143498
9076525
9761323
7093011
9023280
5750720
6777591
3718455
6554614
6222074
6857529
6028365
8456789
9257409
2263789
5666541
9394614
1736480
5455201
5091995
5943737
3953380
7817337
7623483
1263530
8850869
7332326
4717140
2256965
9779808
8028570
1114842
8823388
9373027
1039983
7393298
2128599
8805378
4765377
3524466
8336116
9374057
2232945
2066599
8123527
3326634
2921996
6330786
4321987
6192049
3117819
9663948
5205673
3314438
1160364
2124840
2352258
1072698
4904842
3922217
7498600
4713349
8611337
3343142
7603570
4905166
9277212
5947051
7121576
1847204
6980082
1718816
5465243
9751195
1437079
8619007
3290993
1835314
6733640
9651825
3960567
6238324
8072226
5420633
2894400
7034453
1629203
9168669
2479894
6115727
5885928
8190962
7854951
2804637
1336097
1419503
5083514
7304319
9618618
9985307
7976554
8443230
2685028
4579794
2740243
3043625
8616076
4960190
6119211
5617064
8712714
7319562
1047722
5501777
2038749
7409020
5698965
7481592
6801629
4893763
5892432
1580268
5540529
2920589
9275594
5299735
9681218
1269254
6368718
8187749
9287176
3532805
7327983
7531064
9842212
5869305
6394156
6224834
9689215
5543211
2658381
5336468
2341961
7964517
2287844
4051694
7440476
4400843
5890288
4623296
8483866
7378831
5344958
4747288
5212956
9002475
5905282
2279515
8823285
2692034
1297701
6850072
2516927
6404440
9157022
3108747
9265621
2683258
6929046
9414967
8424840
9689528
8842039
7719615
1955038
2092217
5423582
5944021
6854632
7488927
7164465
4258508
2341891
6807292
4090282
9111571
8791122
2579692
6936405
5655282
6866098
9898029
7982774
7572025
4616510
2442803
9803935
3240822
9538917
6597648
4124233
5718750
2060897
7671291
5423665
6862327
2889353
8077504
7168606
4685822
9863041
2721096
6035696
4253372
7805360
7772177
5122235
7617557
4475003
4355472
9985996
3404379
7306136
5502733
9503739
5850231
3213630
2972879
8719626
8895569
6103516
7987778
9416829
2991801
8758159
5319117
9577380
3158167
2872761
2777760
9200381
6226743
7829054
7011565
7900357
4838304
8396144
9273293
2401673
9728271
3241406
8522510
5251495
1869350
8102096
4991955
8909187
4860434
6473591
1652884
9252176
6800772
5631747
8709727
8055203
6466088
3614469
2259246
6065942
9135964
4560334
1847450
9241627
6734090
8726928
8454480
9513464
6077457
5866100
2486761
5693011
3821392
3913972
8600896
7286519
3227012
1376426
7031047
2287734
9529195
2109064
7088658
7095071
2052952
2721458
9955888
4024281
1895465
4108033
8833382
6766521
3616752
9305826
6423814
5211625
5130982
2539214
6474679
4513210
9332486
6663995
4923781
8433155
3951184
4091476
2829180
9067018
3718915
1710253
2925905
2694020
1465729
1913250
8218273
5066904
6347901
9598408
2861733
5275713
9245374
3496891
3947157
5680923
9258066
6154970
2977707
8300605
1477732
2332297
6751931
9660121
1096015
1090350
5041561
5090032
3231800
9454687
1473307
6617658
6949350
6081153
9617504
9921709
4725140
1453716
5000960
4100211
2212841
2718573
8204510
7497705
9933911
7345148
6759362
7160598
1853714
2013489
8925691
6902897
1592467
8713929
1757932
3067206
5932173
5221133
2934389
6106362
4381975
7692812
9124685
6152438
5824338
3929919
9459366
2264721
3117116
4145862
4884345
8717633
4471038
2697683
1630778
3649723
3054522
7537740
8991254
4981400
2951473
8320013
6323476
5985315
8507667
4601389
4684306
4197042
1229591
7518527
1339632
5192889
6408869
2107820
5095649
6937069
1385409
7317095
1675553
3523536
6664698
2644922
6109050
1630752
1853491
8614376
3964411
1427789
8457241
6726970
9082713
2199363
7779622
3604694
4099783
6643701
8933468
3461861
1589836
2170915
2214101
3838164
4401900
4261846
5001458
8244046
2720697
7891369
1965594
3543904
3201442
2699122
4535581
6223494
9475092
3830026
5846169
4407044
7671591
6264881
6438755
4417975
1032851
2063854
7087641
9625829
8357876
8318918
7334127
1069594
6710771
3691219
4477112
5268893
9134647
2263023
7295839
8263427
6665251
1286329
1503126
2829251
9542489
6063239
3417814
7930938
6966646
8501549
8073311
6778224
5853047
2327070
3739873
2121954
2097708
8403721
6460819
1302234
7074099
6881854
6855715
6513132
3849519
6119288
3674927
9058546
3500410
5584237
9411531
6099427
6544664
2282813
4997044
7792559
8912157
9392672
7447563
5357519
2198354
2876363
2759125
5288507
3792283
5520684
8859754
8432940
6325947
4406380
6849875
7253636
1400339
2477956
8088497
6657154
8596184
3862796
2758890
9150634
9329964
3416793
1916103
9466413
6303520
3624093
3583052
1512165
4400760
9196459
8209119
7944333
2971014
8378843
9655323
6961630
3870418
3019771
9436678
4484565
4020002
6677191
7039569
1484283
6896797
2217626
2144016
5445637
7033030
4289358
2353850
6882886
7095935
8917553
2595010
3690050
3372491
1711849
6694662
4229157
5735616
3957434
7038351
3370771
2645123
7247308
9650354
8748545
9649582
4201475
2631045
3262828
8510391
8874154
7877630
2468801
5459218
1717359
3280776
7132693
6030249
7047998
2842390
9820246
9445257
2449407
3447364
3108601
5745784
5528169
3594587
4878070
7051894
4659451
2646789
7933593
8372337
8844952
4928937
5531955
7096213
1249660
5051840
3222257
1915867
3308909
5044288
9605868
4463888
2097603
4735561
8519728
1253960
3208611
9978526
1389641
8130875
5180961
4921093
8136931
1133929
3178245
5682810
2324353
8894306
3788624
6570080
6703393
8792008
3647374
2808224
2884709
2819064
4244518
2985238
9972981
5612109
8412272
2355746
2223308
6622711
1446903
9502580
8182753
7853516
1429735
9112618
9548911
8616349
9244689
9681014
6966431
5575220
7421213
7119051
3591509
3446107
2802087
5186224
4297825
7106416
3795350
4906176
3008942
7298967
7609193
7704464
7824264
3231727
8968163
9923705
5809930
8823297
3123521
7717160
2313838
3006125
1020313
3893691
4811649
8934479
7979245
8606294
6637398
8369346
1065849
9200231
5399650
4533099
7197538
1693574
5178913
2232000
3469760
4672184
9103935
1957993
8200925
9465628
9473129
8733255
4650678
8924143
7549757
5593404
9457514
7267445
7344192
5216459
8112233
9337808
9992895
6596681
2297615
7793525
9431192
7298922
6111802
1054077
6396946
5154928
6899160
8436368
4052746
1652665
8279892
8919680
4761720
4324832
3609674
1204732
9392737
5799622
2946322
6437235
2553263
3870033
5511962
3489003
6554782
1171885
9486952
9291466
5996136
9218378
7004038
8785580
4010468
3474494
9142894
5408517
6158707
8413483
5878393
1975201
9469011
1404707
8184210
8298833
8501776
7871946
8701193
4304360
7598080
6899756
8766469
7303430
5630133
6997264
7621970
8702987
6768249
7423165
5048868
7435736
4191845
7824075
2486778
1575754
1279555
2497300
1326590
9519216
5188461
1358036
5069004
7085318
4062461
9714886
1496051
2750010
2772799
5174112
5075024
6133750
6416213
8299441
1376905
4497374
8211273
4654489
4859432
5907669
8122760
3244753
2285558
6282354
2873709
8310588
3326123
7906463
6989772
6759742
6256763
5547645
1687489
2140331
6145251
3526785
8935448
5900122
6416925
9358619
4487934
5985650
7067201
6045192
3257792
2517461
9160588
7060525
5498035
1769876
4498965
1551207
6760084
7930570
5805166
8408096
2801561
3517509
1613385
4203708
8670576
3908914
6339388
1179172
7247751
9857495
4049181
6739553
2576691
6540494
6495681
5264036
2947541
3696960
4750546
5301702
9536074
6563223
5084584
7399771
7777522
6838440
1617514
2603347
7210588
7569392
1641317
4292707
7592289
3155742
7401900
1338144
2160254
5385840
4175920
4239973
6924190
6244898
9925330
8148463
9249671
3697083
5406648
1908142
3387195
6340218
5467677
2920038
1748611
2308600
2774132
7451270
6570983
4533207
2728278
6942720
5471706
3273763
1872737
7175202
9095692
3345502
5021028
6702243
2613695
8884474
3877617
9617193
7934662
9374986
1957027
2624938
4761771
4762057
7171488
9403553
3502689
4123679
3762928
1595922
7470090
8808624
2438343
4055688
1091418
6166047
8384944
2433847
8929467
4411314
6234331
5433797
8084018
7848087
1534385
6831902
3723083
8126926
8284982
2262479
9956777
2565520
4530926
5488522
5233208
7385584
1240043
8389387
9147031
4358376
6684733
4241657
2286496
1679255
3706275
1813121
9180042
7993841
1335298
4388062
5206969
8141678
8048108
1736981
4495501
4830031
7742147
8015600
9266201
4392774
6748086
1265216
3295356
2474804
2299100
3811415
5865958
5701224
4877559
5337966
3339139
2070421
5552243
5752900
3092180
2561917
3260855
4994239
9143751
7838084
9376843
4566360
2775444
7649648
3057251
3895977
7194586
7333254
5948747
3987937
1028201
6448984
5582179
5240291
2487674
3397221
8656485
1346634
3097436
4406000
5696158
4088417
1558456
9617470
2886402
9704426
1631791
3886657
9435883
2632148
9211963
4006746
1728107
3480850
7115651
2605174
3821119
1244745
2507172
4339918
1424871
1934633
9640532
6320757
5144684
2939792
4460449
3807397
4194506
2293850
5753586
8220562
8739134
6778300
3212868
3537722
6246410
7659435
2656344
7574525
5920871
2895456
5543467
8367177
8425410
2553462
5324487
1011672
8789410
2024750
8924600
9706030
8715000
9022297
7277010
8590916
7453897
5179615
6606385
8582338
5080609
5603320
2896953
6119788
4861657
4677448
1333944
4005227
6625027
9390407
6000688
3569655
8058899
5246041
9228346
6275738
2930096
4730315
1504376
5585952
7760531
8234423
3323201
5929605
8564639
6867352
1892746
2868751
5874754
8840089
1708635
6476061
2146268
8140954
8439377
9872719
8343070
3356196
6720003
1372271
3822733
3123479
8037735
8375952
6241527
4286985
8282589
2184869
6748533
6098345
7073644
8609516
9422762
2011236
8584517
2911508
6755315
3302647
1053989
9249940
3897599
8937813
4248799
2647894
8497977
6290250
1071369
8733323
7744821
9213080
8030046
4096759
7070104
2762442
5687764
8984711
4053651
7143871
6649175
9424554
5350577
8266377
8757150
9386565
7815255
3090093
1445772
9198147
5809043
1375844
3567515
6389164
7129185
6551891
6400460
7897476
4508258
6346592
3557202
7287263
7584302
7785445
6616056
2808835
6640900
8731905
9952888
5181390
7127343
1080556
2968294
5033320
7712412
2754818
4364884
1708691
5100338
8968939
1409175
8277474
5445937
1581033
5324235
4199959
5530670
5057628
9501419
5200993
9987422
5823714
2212747
5839597
1199545
7903298
7059698
7548027
3772745
8133594
6606514
4772907
5518084
9657862
8272818
4925009
9010942
3833500
6944367
4927486
5324747
4580917
4299150
3204521
2655292
9865886
4522125
5617093
5717319
9736367
5814155
7406939
7783500
3214242
4891245
7251611
5046454
9464687
8802387
8228334
5674215
3288895
6275419
3822111
6098224
6803584
7825372
1115771
3997399
9455840
5159254
4419862
7352858
2855212
1476800
4747559
9936267
2690658
9674762
6370957
9889573
1163652
4069901
9002123
7479622
7234615
8993000
3644218
5700109
9499397
4516220
8168142
9363215
5965008
5589746
3188242
4164292
9278319
6283260
4099071
7320504
1557605
1219266
1048034
8239919
3857974
9924982
9314013
6518744
1897797
2068786
9674945
9366278
7747300
4616800
4420897
8859635
4505466
3535147
7163562
4626230
3873715
2264741
7096073
1054367
3916019
7260400
3980004
1827689
9137333
5230769
7941149
7203999
3523451
8106954
9238539
8089122
6481326
1787999
8185011
8836858
5613799
8304436
8305071
9589924
7728630
3272749
5196157
2516179
3403242
6005654
3975410
6639946
2977129
4575013
8380832
5931625
3340674
9546421
1104029
1855989
1341697
9714100
2416324
6303422
9184154
7117471
2901913
9894764
9688425
5440068
1817833
8127841
6879584
4830785
8528048
6117637
4249394
7781324
7274878
1472150
6521279
9275091
4039532
1907255
7108168
4137013
2797434
1219659
3886764
6782680
8487108
2601874
6378683
7174740
9175462
3547795
3125611
3627800
2277084
3303315
5573633
7652461
4536231
4833109
8719889
8333736
6397284
4630723
1678152
5815852
6006582
1025004
1899266
2688623
3573550
4718566
6626327
4798932
2993209
6109703
1185738
6543114
5313498
1304735
7334068
3747322
2503737
1599472
2842301
9558759
5558212
3011656
6993349
5656057
2079804
3129174
4372874
4350794
5761346
4161588
6825665
1742574
5152099
6975685
5256009
6974485
5048321
9785464
6186838
5637179
8793491
6065011
2318931
7558794
1789847
6324299
5900131
4729230
3097870
3628291
4582129
3372761
3033312
7906772
1707637
5074025
9359465
6232269
8990745
5193295
2724732
4629818
9255196
7553481
2576038
5089697
1833439
4867971
5496093
6099635
9348205
8128377
8662465
1216097
1348263
5259320
7917499
1374240
5594888
2648295
4061893
7769350
5273814
7078520
3708866
4925589
8772906
2226212
4158134
2556952
8015136
4254638
2647400
7074404
7907282
8473246
9854087
6639033
9550369
7416745
6205346
8076713
8970133
2437367
1470627
5033496
5252007
5462894
5952726
5285101
2769324
9424029
2371150
9662304
6597196
1532116
8385816
9659909
4844227
7362682
9134579
6023272
4028262
6469823
1912167
7121210
2315890
9654524
7667245
2633707
9773969
3981072
5487183
2485201
3737597
4125437
2195249
6420536
7758090
2990082
6942495
5009834
9608462
9136465
4180760
9684065
2375539
1598228
4654731
6820707
2410176
6424717
3653112
2521533
7136996
8085452
6233385
8281276
6079028
7408420
7101290
2584528
1857990
2466512
6910173
1445242
9940542
4752090
5292915
1017801
2809560
6749516
2191936
4386799
6896294
2098315
2278925
6713337
6185388
3987833
8829642
7705062
2558369
1750275
2421357
5744368
5585025
5895954
5041726
6954746
8400440
6975486
1885076
3971329
6368840
8086224
6602277
5500158
3697718
5733278
4784752
8737899
4030281
4417893
3027335
2841996
1480781
8244738
4098155
4136312
8355246
8653275
4548743
5033000
3210855
1906068
1853713
3054359
4143925
2235596
4559861
1124476
7542607
2522025
9924236
6546964
9787816
2370736
1947453
5474140
6960775
7718707
4873737
8227462
5260542
4523277
4571213
5917297
2809154
6975879
9713507
4534742
2589897
7930728
8477920
5340416
3347954
7852257
9700429
6619956
6491928
9289704
2501392
1896426
5368976
7683021
5992018
4030547
9113261
6390106
5585517
1616788
1282401
2513990
8702855
6872914
7324214
8370563
8429481
6815286
9930381
4618562
8137812
5765867
8110318
6163435
8999223
3282846
4556720
9478449
4660761
2037790
5061315
6249206
4674541
5029964
7575035
5248907
3043142
8414213
9794943
8298291
7717751
5293878
4279554
3087962
4983399
3023167
6493289
4040712
5770749
5550115
8188166
1431130
9492752
9188487
8822532
1008234
1058162
1172770
1251715
5599470
2532045
6950588
8500789
6619631
1606533
9331098
3226473
8402867
3132943
6122657
1960983
9486014
4029593
1226522
4166396
5640972
6372748
5840461
9488648
4995819
1019551
6794649
6295718
9828071
6305549
8363658
8382987
8664566
2390641
6905772
4216466
1262125
2828928
8966032
6600638
6982106
9848215
6803013
2682249
7561533
8490534
4155297
8721620
6730129
2234717
7254776
2760823
7996751
9933821
9147988
9780522
2173741
8390816
4803622
1794980
8690626
7744973
2891693
6358484
3413934
8218030
2498076
1764773
4372904
3628836
8963129
8443039
2467521
9746669
2260763
7366523
9300447
5527107
7176876
5405678
6045324
8605417
8801104
3172001
4442545
1602313
5809269
7986496
6356469
1589472
5490179
7062633
1289483
5920102
9339462
3301174
9309443
2561319
9086618
5575173
9065511
2492039
1255911
3787519
5746201
8900597
4175814
6375264
8124444
5986862
9657858
2789406
4296352
3900917
5483842
4883836
1427050
6491769
1193846
2242808
2641596
4110071
7350105
1306859
9129777
9515560
6243326
1980329
1257028
5456270
6693903
3696401
3869866
9316818
4961898
5840726
1803236
8468168
2066268
9797871
7234266
3323847
8270267
3865635
7891333
3441675
7965734
4204199
1095412
2584277
9099752
2363516
5899010
9243629
3767590
7335812
8569397
4456517
6948206
8610109
9401690
1432729
6927913
5936002
6775872
4941301
7402402
8795429
7165082
7099710
4415407
6623016
7220873
4098422
2424383
6840317
6014450
7267769
7566397
8280003
9518756
6273701
4136044
9150099
6084198
6763553
9478468
8020684
8971142
8471755
4229508
1392259
4501564
6113776
7053201
1006950
4936345
7309623
5401759
5523515
9442259
5465783
5750613
5141107
1370442
9511954
7798510
3370524
8464720
4977745
9958157
1087591
6928125
5591216
1111105
1850622
4922248
7005716
2338210
2834097
1317565
8000300
9366434
6437410
8860316
8075653
1382264
7915263
5433622
6309538
6286329
3650992
4784886
2262035
6253216
9009057
6206365
8474892
7577512
6329681
3283526
2197073
7166680
1200347
5253076
7744848
2336270
2160500
6222081
6795150
5091695
8080949
4056898
4124254
1144439
3146315
8791743
9687063
6186004
9038157
3040183
4934268
9121496
9477221
4888683
9747881
4694415
4408745
4334249
5235996
5607205
3570099
3357781
1806386
9637572
7492392
1116620
1813395
9628973
5760805
5104913
3748583
4066981
2664408
7332588
9561266
8850538
4295845
6454943
8643333
7786199
8816886
6461027
7118422
6939668
8294448
3994203
7894363
5728050
1197788
3364151
4219570
2083501
1864211
6583533
2244243
4099779
8970044
1534675
2287434
1538597
3009962
1696864
1272903
5477459
3783072
8913067
8904295
4740237
5179224
4553148
4824024
8389263
7520676
3794835
2903616
1043278
3069508
2421294
9241215
8132136
5990841
1294343
2488229
6626801
3497567
5241893
3671670
8473723
7707665
6219449
2293621
9354086
3787745
2741580
6263693
9895233
6775351
5798448
4457615
5575599
5775564
4872349
8207088
3091558
3256951
3365270
5503546
6473012
3522654
4803171
5578869
2801563
6771528
1821312
6515903
5366759
4669537
6082341
7039849
8262166
6374583
9347295
7134459
3332175
3119053
7993080
6641466
6541511
1040317
4380827
7093040
3082640
4042794
7435443
9255941
1573315
1493709
1896909
2776451
8006119
6283192
7314419
5491919
8983162
6357673
2336226
2645294
6398361
1565913
9940886
3860357
4858043
6940397
3950549
9220926
3537322
5013435
5514442
9654663
8457445
7809848
6747747
8394467
8797240
7389033
2881390
1455622
8634637
6769384
4569847
1985349
5921568
8739849
4139381
5818652
1278333
1932909
7625006
6164187
9626541
4817838
8493904
2134770
9238698
3508907
5059298
6134844
7464078
4228493
9217114
1502881
9570755
8147794
9683969
7586032
6920999
9439449
8627980
2089173
7962574
1452911
8960861
6033870
4234421
5720937
9846306
5425747
3711957
6439067
1166788
6466910
8619565
7040576
1430370
7118056
4265811
5479185
9331007
8867350
1882948
8669018
8254610
1178187
5696409
2718738
6364469
2763487
9924541
2265403
3401072
4692024
9365045
3509499
6343943
7466655
9930928
5506657
3011505
8199117
2121016
1727251
4136851
1117103
4752719
4299511
1983093
6394343
2691310
3853272
2422427
5285892
6526994
8223618
4624271
4000804
2236711
4249769
9429438
5663128
8552282
5923534
2243424
2592768
9236610
2973787
3685300
3235424
9264200
1363560
1521355
7052298
4469903
3707766
2871532
6327717
6601013
7337843
4000944
6035990
5316691
2229711
1844223
8659925
7404537
5531022
3105276
1009883
7477374
1836478
8448980
3733562
8749894
7916906
2737557
4604229
1622773
1244455
9345588
9700904
1228300
5000551
7809832
7688826
9369418
4124955
1635542
3943713
6246550
4419733
8800628
5370982
3901394
6040318
3573811
7437755
4492457
7145613
4319166
9502505
4060516
4640657
4379488
2756638
2961842
4196704
9778358
4106854
2156374
4017919
7916913
6861209
5551622
7580956
9388511
1067860
8255234
4553130
4387114
6221435
5504386
3488621
1089217
7053767
7253963
6781110
5280286
4171460
3039123
3832359
2899784
1869446
1511898
3421138
7415266
8694356
7910612
5933463
5807316
5729557
8356198
3356332
7614896
2590921
3232277
6244921
1079032
3173490
5983197
5171340
8017391
7824699
1463672
8937137
1577846
6230721
5069886
5549606
9263960
9357969
5492925
3344349
6557336
9456410
2712921
6002186
5372833
7146956
9516182
6276071
6808982
1898944
2097667
4159581
7887076
5704009
1703705
6587710
1949405
6014034
2455797
1986136
4803038
4290937
6177514
1374195
7057251
5531380
8931523
6040062
4816130
6828218
1339816
2651022
8548094
9165493
3663927
8808640
4297926
8352990
3433086
4596537
1613509
3523248
4904846
5383058
8806203
6657913
9668066
3415473
6445932
7622669
3001928
8837806
6026863
7562589
4672111
3158666
1329002
6454743
6009411
8013006
8860004
4358223
6501701
7630242
3210163
8158022
8714598
6095772
3400496
5960089
4127118
6403291
3830112
7077933
6123207
1359892
6676477
2010688
8872848
4752484
3022285
9285571
7069360
7396374
2590193
5760710
8011615
2561239
1808728
4678203
8591420
2828935
7779541
7900776
3937347
1916922
4885783
7386718
6643557
7717359
7047944
6794662
9494628
6497048
9610377
6520854
4985327
2476946
8962619
7267168
5722259
2071598
5449201
9619539
3153268
2169137
5326037
9877597
5226739
4073953
9688664
3979848
2851903
2910080
1116150
8975284
8111705
3355397
3998953
5825765
8506299
4597912
9071653
1014197
9932922
7591941
5187181
4141333
3842260
9961589
1517725
7341263
9667067
9060328
9806015
3193839
1711235
6257358
2300850
7543394
3854217
2931504
8935640
6085694
1087317
2051178
8345222
1581628
2920593
9475587
9053810
5939739
3549498
1253215
6696688
6493958
4347631
8149460
2567542
5178080
1167400
1636691
6200946
6478662
2121065
6854769
6717896
5901661
2246023
1367038
4430841
4567253
8630810
8522940
9902320
1052685
7947757
5106700
1400062
4287304
2067010
9789765
6562553
7520680
3838929
4038253
8609097
8205289
7378410
8314212
2839772
6200272
7783314
1157558
3258043
4640133
6774299
9110673
8654844
2897126
8151959
4497912
5637897
7629710
4867302
2516430
1645433
9960229
8429726
7532622
5610726
7910352
8688052
5025625
1884519
2080019
3860312
5135281
9428375
9303845
9402173
4446157
9402782
2800013
1402441
3781069
8098063
2657452
4282074
4091609
7560690
2587746
6705851
1247756
5233123
9818004
2771734
2961493
2603075
1609589
8191906
8848656
8231485
1065355
7959534
2590682
3389036
2691653
9152239
5329523
8159235
6580292
1298087
7355680
1666317
6521799
7089399
1060537
8593503
9003778
5035791
5886567
4765867
9941265
3540611
9586778
6689838
1628528
6360168
9962537
7226637
7127030
7473080
3175251
1214756
9311211
7025834
3644101
8291103
9681639
8673478
2235244
6507604
9698140
4682880
8599676
9653953
6538357
8794443
9681545
2544538
2325745
4931264
9959357
6603638
3646586
5872327
7010995
7479579
7197914
9618230
2999323
8808647
5898208
2401207
5233358
3209010
8386590
1765583
9261868
5583016
6402726
9967133
3534907
3408627
7267214
2907536
1418770
2629632
9213041
9056237
8861645
1140097
7143599
3370943
9757675
5722332
9485774
2574959
9918086
5161330
5299106
4263798
6071498
7654163
4562707
5457889
3805897
3022863
2361781
9100205
5262622
5337672
6766829
2698556
1505480
4654895
2765346
2595831
7269632
7240597
9233433
6528549
1719662
4808020
4384597
8718458
9712104
5620412
7428358
6405107
8471771
1064290
2656128
2289474
2091295
1148374
6319342
1240133
5275829
3622917
4484544
6381613
4690123
6168031
1638555
8187131
7029899
1500449
8082447
6804261
6055056
9606686
4773510
1292859
9136386
7362898
8386842
5617539
6937580
5264871
5074791
8942084
5732275
9140876
7554547
9656721
5722832
9986539
3626019
1471819
1093777
6673986
4947791
7464509
5495484
2470652
4208439
1569259
2050373
5131081
5744743
7166419
6665257
7697572
2803944
9707751
5664116
2316003
8356216
6675633
8296623
9005069
1439156
4648000
7830021
6037951
7227476
3058722
1077351
2639512
7425408
4756771
2072709
4302334
3510137
8245390
9381936
4713464
8925178
7100370
2111613
6660494
5921768
3976847
1203500
5023758
9546102
8326985
5614881
9108361
4678909
7234980
9564178
3204197
2867532
9875216
3956473
6562364
3850108
9465919
1483211
4661445
9990806
5290918
9095490
8263442
9877584
3053008
2269831
3450155
1030164
2461913
2589300
5125145
5188603
6802186
7452704
7946117
5786978
6283193
5434451
1339673
2608427
5912844
3502004
8301048
9726158
2791197
4903296
4989411
1399640
1276079
4949125
1146395
7847973
4150362
6639791
9770238
9160906
4487140
6759642
2009084
2250485
3147137
7459848
7494169
3297104
9716029
3181141
5528584
5563562
8068415
9637865
6072862
3347048
7292280
9854285
2512709
2176667
8989509
3295657
3516067
1330123
5236458
7467692
1271178
8782060
1770080
7483484
4968633
9343424
8883816
4666424
9261139
9104389
1006232
5994947
5665455
3872206
6527294
9605972
3754160
1406239
4825099
9799363
1533062
5429900
4463834
7507254
1900637
9329155
1644202
8123996
4736828
1203916
9216336
8012328
4451977
1602685
8701992
8305714
2161756
7818769
6314630
6791657
