1000
7018807
1513894
2634472
9577860
5301261
8177314
9052603
4520981
9384432
1921065
6314273
9242602
6324157
9362178
6068236
4079172
8726863
9519317
9368860
7575995
9449502
5159868
5356083
4779249
6737624
4122646
8327103
5718313
1885943
8807497
7752680
8957754
8909714
3540166
6351530
4948360
9245079
3559169
5204332
2058309
2698264
8572417
1485433
7390028
7843364
2527413
1980381
4739991
1857441
7260616
4224612
7994313
9529408
4260175
7306879
1006239
8338385
7466856
3340208
5349443
2115064
6782525
5917664
7437417
3975376
7001314
7264941
6316782
7700926
8433604
9415529
3187309
6416496
8783947
1874529
8429613
6517535
1030297
4565498
5268176
4695849
6854283
5832186
9253237
2156139
6129448
2760645
2205512
1052327
3109616
8799469
3818248
8665330
6451495
6512327
3646922
8072945
6359523
5734131
9560525
5897915
7264034
9262436
2149838
8555729
9393175
2530761
3719157
5876589
1000558
8527050
7372656
4457321
9861519
3201830
2233774
6497465
6135536
4822947
7655342
2407050
4764150
4553919
6798218
4383395
7159110
3080846
9713231
5240196
9198847
3489796
2026366
6476470
5251970
4072644
8726584
5852027
6826797
5100761
3547141
5392991
1531949
6555389
8833654
4613478
6890770
1243688
7974077
7664232
2309776
1507171
4181065
9883313
5869395
4282860
9193054
1061300
5289634
1614980
1774597
9615139
1222751
8784366
5448905
3716559
3562110
6622866
6015066
7834918
9698685
1529434
8363261
6639518
2225244
6713988
1980995
7661643
2204518
2397945
1676817
2873296
1492062
8352356
3151385
1288109
8147085
4497030
6763447
4363325
9889123
6858913
1349414
3821172
1488340
2547779
4259117
1771998
1405245
9672469
4192636
1284554
8674048
7664652
7541892
2370487
5186245
5352670
3220566
9119599
6187489
7472520
3002115
3748595
9722779
7804895
9245300
4150286
3507973
3310973
2499531
7593062
7815121
3467646
8965602
6274856
1171124
3699938
9355730
3736611
1957655
4893869
9441480
5012550
6305572
7114093
8922931
3209533
2716006
7273147
6971857
5301985
2576517
4339837
7546002
4785144
4545872
6832299
1455181
8093692
4143844
1131664
8323890
5000951
3124732
4849298
7464217
6415519
8103025
7064252
2256921
6579765
8129644
8245675
4794611
7153683
6031746
7623335
9737417
2492367
9393913
8187484
4727721
8238674
2994304
2239057
3290567
7192966
4009772
8316200
9317458
4925335
2206728
7270351
7545325
5166207
8911548
4861413
5228609
6170808
4933834
3297864
3946314
4677445
3570308
6298541
4058416
1026658
3645539
5766761
5916911
3124708
4529300
4095864
7065312
6290699
9417732
2940539
9451505
4281166
4896702
5351350
3678164
8319614
8896994
4799786
1942852
7389824
8473721
2039815
4490733
4028373
7195287
2583190
2336284
2044643
4199232
5441550
3354805
1817872
5058021
2416492
2313652
5951357
4706065
5140359
1801614
4073553
1174624
8881451
7869801
9004160
9728144
8017854
3699930
3129395
5070187
5927690
5450470
2299408
9376891
3206521
8490907
3502020
6780687
5241078
6499120
6337663
9136558
4677363
9114594
8893656
9766674
3580614
4714097
7695426
6942663
6451858
2367211
7227359
4480372
9495162
3615351
5257907
1760369
4075703
4548684
5077468
8167722
1693285
3468324
3242808
1391491
9563131
1547980
3358486
2997588
1192185
4435093
1156120
4541687
2292998
7314128
4718497
6458153
4331722
4829149
7018571
4524734
3140671
1738053
3416467
8671544
2117311
4923802
6273913
2753441
1037242
4777724
6833554
1283190
8202534
9022613
8128487
7555207
1061363
1527167
7158203
9440109
6652366
9608460
6670176
2543812
6254894
9242119
7012578
7101985
5572909
5066465
4458760
9013782
7230696
3900855
8560855
4435652
3148738
5183483
3994992
8202144
8326933
6177408
8631532
2867593
7158666
4366146
2119151
5414056
6869291
8836053
5948762
5660314
4668750
1642389
3525301
6005611
4212075
7729110
1983780
5855340
8808009
8995613
7654736
8936263
7266949
9451999
9371497
2349544
6819556
3484937
4238041
9107821
3119362
9854464
2957748
8717034
8096347
9917018
3174886
3479239
9603642
7195981
1338917
8722371
9424663
3088031
5475280
4527558
6102150
4457709
3400143
5697793
1606821
5110144
6725092
3021961
8703333
5768397
4353226
7572244
2195380
2610925
3923964
9204611
8272465
2758917
5325704
3756793
4153280
5251774
6732021
7766818
8094728
9172200
6191650
5417928
1401707
5428522
4678441
1982683
4235918
1576662
7285867
3489328
7135417
4837595
9897196
3804916
9982104
5771563
8730105
5921184
8707794
3737422
3451513
2966599
6391064
2850158
3806602
5789558
4528906
2407638
2339196
2796811
8622750
7575253
5394106
2817434
5911986
5300680
1704424
5977972
5444459
6391238
5223847
5986569
3163838
5062413
9265496
7790656
1990870
4459838
4055360
3795668
2316886
9504853
1556448
7368738
7999873
6170645
6424263
2978889
5022400
3819049
5178131
5287561
4684259
5291285
8629821
5418047
8633570
4577534
1991412
8320968
7240814
8909080
7750445
4985548
7753163
4834031
5405448
5218037
6600128
7378169
5598909
8482408
8118713
3713858
2920144
9355932
9598652
9301199
6299514
5602522
4499674
2149200
7609090
5002132
9528160
9521040
2831563
6301568
4544037
8523103
5157902
1860774
3120302
8292658
6731643
7248169
2106904
1592097
6693355
8065403
8363493
5846329
3728065
1390293
9272602
4626060
1326986
3142645
8677583
9141174
6038570
3294833
3958376
1686962
3400648
3898683
2545779
4778557
7192260
3665438
4988931
3097312
8457934
4411448
6027435
8938276
6052658
9814512
2717614
7010474
7985067
4809123
1585701
1800929
6766604
4280081
6539386
2364763
6966438
5913366
4635972
6128826
9276110
4340070
2927427
8182656
4655158
8977560
2112494
3580012
1232999
9830967
6140066
4652612
4787396
7064605
4122542
9560071
8859330
4915297
1683276
1918474
6473974
2436123
1479305
3416407
4590230
9031406
5742327
4046489
1975740
2356069
3857938
6015939
7434672
6382425
1304714
5549585
6726820
6438202
1357105
9063879
5191565
9773412
9240996
1773361
6451416
2104653
5013070
3950779
6319962
7368653
3932450
5077626
7061781
3666820
6015048
4485035
5106807
2643610
3074500
8954971
5595444
6664292
9710794
9098431
5657558
3876194
5046630
9162502
3998842
2754537
6319994
6141227
6334206
8517670
6897776
8202671
9161202
9093256
4523355
5444967
5855556
3572578
8759128
4175674
9990272
2417655
2073258
1809686
9705126
6237911
2254174
3294164
4705949
5764593
3243131
8520521
5185696
6469850
9251533
8023374
2101512
2364285
6022667
2036731
7251026
4742508
9015663
5843336
9501809
6558566
5693853
6922268
5221502
5584249
6988039
8596041
8442470
3651091
1820848
4498832
7107212
4052628
4675895
2436466
5362896
5784790
6487733
3899023
1746944
9393271
7543825
9362154
3772197
3212422
3939747
8749125
5487129
3017101
8865952
5298361
8463534
7300831
9778373
3575681
5656889
8346715
1580950
9883672
4474016
3832151
3569921
7977472
9519945
1680792
1488406
9210493
7028773
7428953
4155200
2001586
8325389
1232443
6914338
7804706
5388507
6978948
9758515
3360977
5682010
6725035
5320139
3093972
5447753
2085251
6483610
3908271
5888501
8620430
6791830
9742655
2783327
7854581
5848861
9750511
7943437
9602309
5214259
2840846
8272612
1297484
3943789
3067225
2232742
6227060
5187942
7205877
2731432
3615656
4382530
6261992
4429094
7674069
2779992
2222609
2493154
5187587
8495077
8969933
3741746
7822796
5244918
4875597
3007897
2423684
5704012
3329916
2866192
3880722
5205439
8016805
4606757
8567270
4994107
7953484
5964180
6433388
8482247
4508268
2763437
5506592
6164312
3156634
6646501
7720531
3779784
4531928
8818737
3382389
5183708
7118932
3759799
1718779
5396422
5843018
3660230
9674020
5561999
5305184
3336177
5005983
2412432
4584865
7414328
4844455
2437883
5755045
5650271
8330170
1592061
9195854
6546369
6075829
8439429
1988502
9511279
3912229
9920986
2101032
7972277
2645698
4898793
1259596
8046926
3662293
5766822
8438959
3125680
8784940
9364101
6584251
4425290
1278452
5852001
9090507
3721524
5010743
9847428
7953882
6601047
1214253
3301998
6600900
8322550
5251000
7992874
5855029
2454636
8345075
3401575
4939473
8220863
9992579
1441972
3375084
8426389
6197657
1475031
1843836
9729141
1896286
4505255
2844812
6461049
7125129
5372103
3468122
4493858
5448094
8249710
6266107
4456467
1270127
4296108
4756349
9970450
5393687
9286454
9323478
8701243
4308389
9254797
3215788
7699431
1407886
6060004
4459389
