100
5026012
9207058
9515571
8151589
5382743
1937307
6984257
2192323
2222624
4108589
1665509
3905420
9883932
2315739
1670429
5327267
6395997
8406391
9757178
1355493
6081798
9051405
2034972
3473832
2885943
3756425
2352463
5759487
8697762
3850125
5927885
4047068
7292070
4370464
7294205
6744140
6682651
7445348
1611796
8401937
3332111
3422639
1840018
4398989
8668344
1783364
1945176
4760651
6948210
9404003
8436744
7143818
3976058
7844071
2897500
5722317
7449979
5796271
6962851
1547525
5716816
3718215
5148424
9163464
2347211
3769112
4703549
4781222
2834925
9689437
5571136
3849194
2756358
2818384
7020987
1702134
8327470
8505085
2487489
6301979
1358740
7195477
9581719
7268823
6486223
3273910
4408553
8839080
1916075
4659345
4157095
9197736
9533181
9299236
3649862
1705913
8341321
4173505
5806754
8654004
