1003452
1009021
1020198
1020577
1028481
1043536
1078167
1090462
1095391
1102253
1117922
1123357
1125356
1138884
1149078
1170302
1202161
1208211
1212929
1218495
1241562
1244833
1249678
1264396
1264732
1277500
1278690
1288482
1311784
1311942
1328398
1340936
1363013
1365371
1365829
1367446
1374968
1379071
1384534
1385955
1386014
1390156
1397478
1401121
1407279
1411430
1424246
1443260
1448248
1461071
1466786
1476652
1481766
1491888
1492317
1509894
1511432
1512142
1553865
1564827
1571990
1572197
1575945
1576157
1582725
1583268
1585999
1591262
1599355
1601214
1607727
1631566
1634053
1641840
1666410
1679930
1679987
1690679
1695648
1697782
1700355
1707557
1730533
1735880
1739798
1756933
1767508
1770565
1771527
1771880
1776397
1786641
1804458
1805902
1812893
1829467
1847636
1861843
1866013
1869138
1878178
1884410
1888980
1904880
1917917
1918065
1937108
1960063
1976349
1979439
1986841
1988824
1995657
2000957
2016500
2057566
2061192
2063582
2074650
2075502
2076347
2079981
2097377
2099176
2102225
2107164
2118320
2123022
2139901
2143301
2152164
2152580
2166705
2172557
2195267
2210203
2210227
2224659
2225828
2250444
2260419
2260981
2265785
2268083
2269567
2281792
2282396
2288970
2293486
2295541
2303948
2306378
2323234
2323507
2324996
2337962
2357471
2358179
2378712
2390713
2402806
2419112
2420811
2424841
2429970
2433843
2433903
2450872
2452747
2454667
2461275
2462491
2466616
2473543
2482360
2505924
2509605
2513036
2528079
2531085
2538752
2539317
2540602
2546015
2547855
2550564
2560218
2572536
2584110
2586637
2593431
2596511
2599583
2603793
2606279
2610325
2610717
2618179
2630221
2633858
2648260
2649965
2654194
2656513
2665749
2678410
2679948
2683366
2710742
2719652
2721018
2736855
2745874
2748774
2757299
2769007
2776383
2786362
2787211
2788507
2822538
2838361
2864831
2869245
2873143
2873246
2877221
2877693
2881550
2895136
2921002
2921523
2923217
2965753
2996317
3005513
3010504
3036476
3037108
3049833
3075065
3077419
3086700
3095268
3110567
3111203
3114391
3125767
3129421
3137401
3137900
3148974
3162091
3172367
3206581
3211859
3235992
3248218
3251141
3254436
3288293
3292038
3292378
3294078
3305906
3317724
3318914
3320256
3326609
3327636
3337456
3352714
3355041
3358792
3376893
3383718
3386659
3411811
3415124
3445797
3448584
3473586
3488984
3492946
3493927
3495672
3511436
3521855
3530660
3531332
3534645
3535818
3554889
3558797
3558964
3568393
3584485
3599331
3616007
3633860
3649095
3656808
3659557
3664380
3672357
3677171
3691661
3692657
3695143
3706705
3711257
3711522
3714262
3734154
3740829
3741120
3742550
3752704
3765760
3766264
3772591
3782503
3782805
3792197
3794464
3798696
3807122
3808446
3815589
3819165
3827239
3836722
3842208
3842699
3850473
3863252
3873939
3877326
3890433
3900626
3902235
3921679
3922565
3925442
3925778
3926730
3941295
3953692
3966302
3972647
4002004
4002086
4013865
4015232
4016900
4018065
4019083
4023381
4031788
4075878
4077152
4077496
4095292
4100797
4129624
4131001
4134315
4145741
4153726
4178009
4182707
4186201
4203783
4235513
4246979
4257879
4261546
4277776
4289323
4315832
4316797
4318358
4322096
4333002
4348688
4366696
4368997
4372537
4377461
4392784
4406032
4415344
4418423
4427271
4432953
4437674
4442569
4456021
4465911
4468148
4473005
4488165
4496622
4517036
4531532
4532122
4532152
4562077
4582483
4589418
4604059
4641399
4652215
4659205
4667495
4672533
4673054
4679703
4679772
4712062
4753558
4755424
4756976
4765433
4765611
4776292
4807240
4816573
4819418
4827420
4840164
4840684
4841876
4856289
4862358
4904406
4908416
4909455
4910784
4918165
4923694
4928932
4936722
4941805
4945384
4953791
4961228
4961640
4962245
4970127
4991890
5020409
5022566
5023509
5034460
5038441
5041023
5043030
5053559
5071702
5079802
5104090
5133135
5141615
5144194
5149190
5159205
5162864
5163800
5165173
5167526
5172253
5172968
5182712
5184689
5207027
5224742
5224913
5228670
5228785
5238842
5240018
5240610
5248064
5266374
5267295
5273165
5284932
5295585
5301579
5303024
5311431
5317139
5328775
5337265
5343066
5346285
5370073
5387843
5395537
5406570
5410386
5411892
5422858
5434455
5453522
5457890
5460521
5477346
5481884
5502976
5508720
5511657
5527315
5531211
5538506
5540002
5555146
5565817
5590782
5609250
5615424
5616865
5621923
5635463
5635994
5636843
5639064
5640692
5644085
5647863
5660678
5663302
5685157
5694926
5702791
5707720
5715302
5724340
5728207
5763031
5775757
5779902
5787730
5829102
5831928
5835705
5844079
5851289
5863608
5878426
5882033
5884576
5885630
5900969
5908586
5944048
5959485
5960684
5967572
5977292
5983501
5985109
5985312
6000149
6018634
6030825
6032471
6046748
6049082
6052921
6058433
6062781
6074809
6082962
6088400
6101717
6114861
6129662
6131584
6132065
6132344
6143063
6172387
6176812
6188471
6191287
6211495
6214540
6236724
6239952
6264329
6300184
6301994
6302528
6312339
6315194
6335240
6336663
6353105
6356268
6357244
6358243
6358423
6372000
6375705
6380577
6407759
6409357
6409753
6415658
6421019
6430071
6432394
6442590
6448902
6457390
6457613
6459969
6474491
6475901
6476360
6481095
6481293
6490037
6504107
6512544
6523013
6524571
6528083
6533493
6538613
6548848
6560118
6566312
6580478
6584431
6628115
6678545
6679692
6682266
6699614
6702097
6724549
6730634
6772721
6795902
6803899
6807401
6824770
6833852
6866111
6872074
6877365
6917857
6923116
6925656
6936244
6948972
6958288
6958585
6977748
6995602
7009919
7024506
7038215
7042543
7043364
7049461
7058756
7080230
7083641
7091422
7095258
7095988
7101287
7112609
7137878
7148193
7173594
7183172
7201974
7208528
7211153
7211318
7230258
7234790
7246542
7252133
7266584
7266623
7272902
7279537
7304109
7309305
7313038
7319338
7324998
7327913
7328673
7351059
7353319
7357635
7358063
7361500
7363097
7375049
7377692
7403931
7408868
7412895
7413027
7414454
7417633
7421563
7436600
7460243
7471886
7492705
7494718
7509622
7511510
7525684
7528335
7544964
7546890
7550955
7553770
7564508
7571231
7581621
7588214
7589563
7590902
7599774
7618845
7620785
7635684
7638395
7646775
7658774
7681046
7715012
7722038
7762867
7766966
7782073
7813960
7814416
7821810
7833214
7837616
7862073
7875142
7882511
7925884
7933640
7941253
7945838
7949426
7951206
7951332
7957384
7980532
7982430
7990908
8000884
8012177
8016201
8028059
8045080
8047324
8066834
8066882
8068892
8091790
8124962
8145336
8163237
8175987
8187556
8203817
8205776
8222109
8238191
8240267
8261344
8264566
8273276
8280475
8284801
8291708
8294880
8295809
8304900
8309235
8310558
8313148
8314461
8320996
8323069
8351202
8366933
8377711
8401599
8407890
8422540
8432029
8435319
8444102
8445596
8450831
8451522
8456316
8469773
8483205
8485099
8486601
8489344
8493615
8503923
8504999
8525305
8527131
8544393
8563601
8563724
8581949
8600884
8604429
8607293
8616121
8618369
8623212
8644678
8644727
8645029
8669082
8683440
8692784
8701648
8705409
8717017
8738111
8738540
8740036
8742337
8746789
8748360
8757611
8761911
8762280
8773046
8784342
8793601
8797298
8801320
8831046
8835634
8842275
8845994
8847246
8849142
8854320
8862450
8867887
8890592
8896222
8897452
8897840
8910818
8919718
8925332
8926857
8930748
8936489
8943777
8951531
8960859
8998747
8999925
9004164
9012108
9029071
9030644
9032327
9059464
9063796
9064034
9074024
9102457
9122139
9127621
9172460
9175872
9179879
9189852
9195743
9205732
9207456
9215172
9216301
9221085
9223025
9226895
9241672
9249653
9265097
9266055
9269270
9274253
9281479
9289892
9293961
9306203
9308015
9313120
9314263
9333015
9341074
9343768
9347940
9353541
9364713
9370502
9397953
9399376
9401596
9402067
9405724
9409662
9411034
9422735
9433495
9467805
9468940
9469915
9508200
9513177
9514071
9515572
9523526
9529948
9530054
9533740
9543881
9545347
9546251
9553966
9554320
9563997
9568888
9571135
9581909
9604792
9610849
9617569
9618788
9626267
9638034
9641312
9654432
9660196
9674739
9675763
9677729
9686391
9697551
9707480
9716989
9719401
9739650
9746826
9751165
9760432
9768167
9784599
9791582
9803047
9827526
9846620
9851028
9864714
9869366
9869514
9877369
9877542
9879636
9897037
9913007
9920051
9930803
9948308
9955798
9956651
9976624
9983130
9985923
9994041
9997117
