1053843
1070937
1101502
1151516
1235806
1326399
1368495
1528729
1730647
1762789
1937593
2006307
2042546
2117007
2229726
2423234
2451845
2571038
2726457
2750872
2883971
2887601
2931261
3006077
3092322
3114913
3283482
3488758
3736203
3740678
3785212
3822352
3829214
3830673
4055604
4258246
4304052
4413679
4455801
4490717
4673686
4782010
4801560
4871248
4916737
5213691
5240538
5435273
5501914
5649784
5669342
5703836
5753787
5758189
5770923
5869486
5870138
5891928
5928912
5934860
5947215
5975267
6114676
6202569
6477623
6510189
6561901
6796528
7047462
7193647
7284856
7315067
7317279
7361891
7362774
7372700
7438837
7457916
7522406
7738347
7924359
7925569
8079894
8357391
8449908
8461985
8800650
8817888
8934143
9073233
9288916
9514654
9603927
9605430
9680732
9696622
9706461
9812041
9848631
9957127
