1000281
1000665
1002105
1004217
1004615
1006232
1006950
1006997
1008164
1008234
1009849
1009883
1010878
1011092
1011672
1012136
1012348
1013294
1014197
1016087
1016138
1016138
1017350
1017557
1017801
1018423
1019080
1019551
1020313
1021167
1022458
1023928
1024526
1025004
1026705
1027425
1027958
1028032
1028201
1028480
1029761
1030064
1030164
1031157
1031900
1032502
1032851
1032907
1033405
1035159
1038049
1038167
1039983
1040187
1040317
1041291
1043278
1046744
1047239
1047722
1048034
1050908
1052029
1052685
1053989
1054077
1054367
1055731
1056505
1057092
1058075
1058162
1058966
1060537
1062449
1064281
1064290
1064459
1065355
1065849
1066371
1067860
1068054
1069078
1069594
1071369
1072171
1072335
1072698
1074216
1076272
1077351
1077961
1079032
1079157
1080556
1081479
1083560
1083719
1084262
1086453
1087239
1087317
1087591
1088176
1088863
1089217
1090350
1091418
1093777
1094639
1095412
1095980
1096015
1096575
1097747
1098342
1098757
1100529
1100739
1101579
1101943
1104029
1104184
1106573
1108019
1111100
1111105
1111544
1111666
1111719
1112011
1113970
1114842
1115771
1116150
1116620
1117103
1117887
1117946
1119225
1120304
1120736
1122041
1122263
1122294
1122767
1124476
1126880
1128124
1128285
1129437
1129652
1130011
1132047
1132180
1132881
1133594
1133929
1137493
1137528
1138573
1140097
1140315
1141207
1142063
1143082
1143176
1143405
1143498
1144094
1144439
1145607
1146395
1146492
1147390
1148173
1148374
1149154
1150380
1150802
1151422
1152353
1154055
1154204
1155784
1157558
1159060
1159457
1159955
1159981
1160015
1160364
1162409
1163650
1163652
1164340
1165328
1165957
1166788
1167219
1167400
1171885
1172770
1175491
1176379
1176477
1177852
1178187
1179172
1181370
1181748
1183949
1185738
1185882
1186866
1187232
1187664
1189163
1189669
1190377
1191377
1191419
1193634
1193846
1193974
1195267
1196613
1196818
1197238
1197347
1197590
1197788
1199545
1200347
1201319
1202836
1203500
1203916
1204732
1207069
1210012
1213122
1213479
1214756
1216097
1216156
1219266
1219514
1219659
1219914
1220149
1223095
1223323
1224165
1224200
1225007
1225971
1226522
1227011
1228300
1229591
1230420
1231651
1231745
1232472
1233114
1233581
1234397
1235045
1236122
1238940
1240043
1240133
1240273
1241208
1244455
1244561
1244745
1247682
1247756
1248474
1249332
1249660
1250144
1250547
1251205
1251407
1251615
1251715
1252040
1252439
1253215
1253480
1253960
1255911
1256076
1257028
1257100
1258988
1259475
1260769
1261967
1262041
1262125
1263530
1264667
1264692
1264873
1265216
1265652
1265839
1266189
1266529
1267284
1268867
1269254
1269417
1270310
1270581
1271178
1272903
1274169
1276022
1276079
1276101
1278090
1278333
1279555
1279788
1280018
1281368
1282401
1283122
1284287
1285457
1286329
1286939
1287784
1288665
1289483
1289520
1290568
1291237
1291637
1291779
1291806
1292859
1293390
1294165
1294343
1294370
1294473
1297701
1298087
1298684
1300182
1301783
1302234
1302489
1304333
1304735
1305053
1305201
1306859
1308341
1309254
1313292
1316937
1317565
1320221
1322037
1322051
1323988
1324950
1325491
1326590
1327039
1327218
1328511
1328722
1329002
1329838
1330123
1331181
1331570
1331815
1332568
1332845
1333281
1333944
1334411
1334680
1335298
1336097
1336315
1337117
1338144
1338406
1338734
1338892
1339632
1339655
1339673
1339816
1341697
1342384
1345540
1345724
1346634
1348263
1349897
1351027
1352384
1355172
1355383
1355879
1357408
1357506
1358036
1359892
1360740
1360759
1363560
1364748
1367038
1367964
1368434
1368555
1369208
1370442
1372271
1374030
1374195
1374240
1374384
1374692
1375844
1376426
1376905
1377420
1378388
1380374
1380538
1382264
1383864
1385409
1385730
1389641
1390480
1390968
1391083
1391887
1392213
1392259
1393520
1393996
1396492
1397220
1398213
1398530
1399056
1399640
1400062
1400339
1400573
1401131
1402015
1402441
1402977
1403813
1404340
1404449
1404641
1404707
1406239
1406479
1406583
1406867
1407380
1408337
1408453
1409175
1410024
1413183
1413187
1414270
1414962
1415372
1417152
1418770
1419503
1420441
1421167
1421653
1424871
1425958
1427050
1427789
1428792
1429239
1429449
1429735
1430370
1431130
1432729
1435343
1435513
1436208
1436618
1437079
1437096
1438450
1439156
1439238
1444780
1445131
1445242
1445678
1445772
1446903
1447953
1451348
1451393
1451952
1452491
1452911
1453241
1453442
1453586
1453695
1453716
1453806
1454784
1455622
1457047
1457351
1457471
1457553
1457911
1458693
1460233
1461075
1462039
1462457
1462953
1463656
1463672
1464622
1465729
1467435
1467572
1470264
1470453
1470627
1471819
1472150
1473307
1474162
1476800
1477732
1479038
1480177
1480781
1481174
1482599
1483211
1483598
1484283
1490018
1490513
1493254
1493709
1494278
1494394
1496051
1497048
1497373
1499538
1500440
1500449
1500914
1501454
1502881
1503126
1503419
1504274
1504376
1505480
1506043
1506128
1507619
1507827
1510081
1510304
1510890
1511508
1511898
1512165
1514197
1514499
1514995
1515336
1517427
1517725
1520169
1520863
1521181
1521355
1522190
1525351
1525420
1525430
1525835
1526206
1526436
1529999
1531756
1532116
1532341
1532839
1533062
1533068
1534196
1534385
1534638
1534675
1538597
1538678
1539585
1540015
1543209
1545375
1545452
1546143
1547073
1547620
1547947
1548329
1549403
1549738
1550356
1551207
1555027
1555617
1557515
1557605
1558456
1559090
1559132
1563620
1565913
1566069
1567226
1568979
1569259
1569547
1570314
1571567
1572031
1573315
1574251
1574377
1574725
1575754
1576819
1577134
1577846
1577910
1578376
1579270
1579840
1580268
1580638
1581033
1581561
1581628
1584043
1584054
1584070
1585288
1587086
1588135
1588360
1589472
1589836
1592467
1595002
1595922
1596059
1596861
1597337
1598228
1599472
1600021
1600681
1602124
1602229
1602313
1602353
1602685
1603313
1604269
1605218
1606131
1606509
1606533
1606732
1606986
1607004
1607893
1608547
1609589
1612973
1613385
1613509
1614250
1615313
1615359
1616086
1616788
1617514
1618158
1618394
1619106
1619192
1620610
1621839
1622773
1623305
1625273
1627022
1627708
1627720
1627971
1628528
1629203
1630752
1630778
1631791
1632004
1633710
1633975
1635542
1636044
1636691
1636720
1638555
1638586
1639281
1641317
1643412
1644202
1645433
1645454
1649013
1649026
1651374
1651972
1652665
1652884
1652990
1653855
1655020
1657171
1657483
1662713
1663808
1665321
1666128
1666317
1671443
1672595
1674911
1675553
1678152
1679255
1679895
1682893
1683474
1684977
1686659
1687489
1690077
1692886
1693574
1693815
1696435
1696864
1697874
1698898
1700288
1700899
1701300
1701596
1703705
1705267
1707637
1708635
1708691
1710253
1710429
1711235
1711520
1711849
1712028
1713953
1715040
1715459
1716000
1716181
1717359
1718265
1718680
1718816
1719662
1719683
1719810
1721277
1722227
1723439
1723527
1723662
1724430
1724927
1725128
1725280
1725949
1727251
1727637
1727806
1728107
1728339
1728557
1729578
1730259
1734060
1734948
1735083
1735946
1736480
1736981
1737629
1739740
1740499
1742574
1743972
1746256
1747871
1748611
1750275
1751499
1753894
1757932
1758138
1758766
1759218
1759828
1762347
1762472
1764508
1764773
1765583
1765616
1765739
1766579
1766718
1767441
1769876
1769942
1770080
1772055
1772518
1777198
1777600
1780716
1781942
1783086
1783359
1785290
1785905
1786644
1787999
1788692
1789057
1789847
1790190
1791066
1792150
1792359
1793417
1794131
1794230
1794980
1797204
1798319
1799510
1800217
1803236
1804237
1804287
1806386
1806828
1808728
1809141
1809267
1810055
1810734
1813121
1813395
1815134
1817833
1819085
1820619
1821312
1821504
1824230
1824281
1825919
1827111
1827513
1827689
1830573
1831079
1831370
1831834
1832281
1833439
1834011
1834082
1834751
1835314
1835591
1836431
1836478
1837095
1838610
1838950
1839756
1839820
1839863
1841830
1842679
1844223
1847204
1847368
1847450
1847744
1847875
1849169
1849261
1849725
1850622
1853491
1853713
1853714
1855140
1855558
1855818
1855989
1856104
1856905
1856940
1857284
1857386
1857845
1857925
1857990
1861126
1861402
1861917
1863326
1864182
1864211
1864251
1864577
1864939
1865256
1866985
1867686
1868831
1869350
1869446
1870489
1872737
1873623
1877983
1880170
1882846
1882948
1883032
1883602
1884519
1885076
1885373
1885536
1886035
1886366
1886590
1889349
1891140
1892746
1893152
1895465
1896426
1896909
1897313
1897797
1898178
1898705
1898944
1899266
1900637
1900928
1901163
1901541
1905853
1906068
1907255
1908142
1908390
1912167
1913250
1914517
1915323
1915867
1916103
1916716
1916922
1917533
1919035
1919349
1920206
1920714
1921206
1921865
1928367
1930747
1932909
1933916
1934633
1935851
1936672
1937598
1939456
1939995
1941923
1942778
1943172
1943754
1946529
1947453
1947997
1948518
1949405
1949674
1950055
1951729
1952277
1954940
1955038
1955492
1957027
1957161
1957675
1957993
1958842
1958864
1958943
1959475
1960118
1960983
1961001
1965293
1965353
1965594
1965622
1965638
1967170
1967617
1967852
1969361
1969906
1972598
1973966
1974404
1975201
1977683
1977743
1979383
1980329
1983093
1983656
1985013
1985228
1985349
1985424
1986136
1986388
1990482
1991098
1991403
1991819
1992002
1994154
1996398
1996583
1996615
2001649
2002756
2003738
2004102
2004209
2005050
2006366
2006877
2007131
2009084
2010311
2010688
2011236
2011427
2011782
2011834
2013489
2013562
2014935
2015807
2016982
2021922
2022168
2022405
2024746
2024750
2026810
2027974
2028639
2028958
2032337
2033651
2036031
2037026
2037790
2038749
2039667
2039739
2040293
2040942
2043857
2046944
2047219
2048534
2050373
2051178
2051347
2051579
2052952
2055033
2056229
2056553
2056714
2058257
2058637
2059607
2060897
2060900
2061227
2061860
2063854
2064419
2064489
2065852
2066268
2066599
2067010
2068753
2068786
2069127
2069192
2069779
2070421
2071598
2072131
2072709
2074651
2075934
2079549
2079804
2080019
2080164
2081431
2081578
2082098
2083272
2083501
2085348
2086772
2087802
2088415
2089173
2091295
2092217
2092582
2097603
2097667
2097708
2098315
2099458
2100340
2103484
2104387
2104474
2105749
2106757
2107820
2108098
2108849
2108966
2109064
2110401
2111363
2111613
2111952
2114772
2116581
2117779
2118515
2118696
2119609
2121016
2121065
2121623
2121954
2124114
2124840
2125509
2128599
2130622
2131059
2131791
2132297
2133226
2133311
2134427
2134770
2137447
2138445
2138624
2140331
2140917
2141065
2141417
2141953
2143568
2144016
2146268
2146728
2147352
2147613
2147676
2148160
2149012
2149105
2149280
2150583
2151596
2152673
2154079
2155049
2155226
2156374
2156794
2160050
2160254
2160500
2161756
2163330
2168704
2169137
2170255
2170915
2171252
2171633
2171939
2172000
2173630
2173741
2174765
2175711
2175981
2176208
2176659
2176667
2176848
2180694
2184869
2186228
2186762
2187648
2188446
2190755
2191936
2192265
2192947
2195249
2196402
2197073
2197547
2198354
2198405
2198791
2199086
2199363
2200217
2201963
2203305
2203681
2204084
2204957
2205467
2205518
2205579
2206057
2206422
2207082
2207090
2208089
2208926
2211265
2211966
2212046
2212747
2212841
2213196
2213314
2213348
2214101
2214948
2217417
2217626
2220096
2220111
2220192
2220911
2223308
2224058
2224744
2226212
2226434
2226795
2227183
2227446
2228159
2228294
2228375
2229711
2230162
2230927
2231101
2232000
2232697
2232945
2233441
2233900
2234284
2234717
2235244
2235543
2235596
2235716
2236711
2237206
2237636
2238016
2240279
2242808
2243424
2244243
2246023
2247831
2248679
2248710
2249930
2250346
2250485
2253465
2254922
2256965
2257268
2258582
2259246
2259389
2260763
2261958
2262035
2262479
2262522
2262951
2263023
2263289
2263789
2264721
2264741
2265403
2268897
2269831
2271460
2272378
2272725
2275020
2276920
2277084
2277632
2278925
2279515
2280043
2280473
2281893
2282813
2283574
2283721
2285362
2285480
2285496
2285558
2286496
2286824
2287434
2287734
2287844
2288731
2288970
2289474
2290582
2292674
2293621
2293850
2293955
2295277
2296994
2297255
2297615
2297640
2297937
2297958
2298361
2299100
2299945
2300850
2302802
2305665
2305704
2306094
2307965
2308276
2308600
2308631
2310598
2311812
2312736
2313658
2313838
2315890
2316003
2316012
2318342
2318596
2318931
2318957
2320447
2324154
2324353
2324789
2325745
2325852
2326236
2326321
2327070
2329971
2332030
2332168
2332297
2332299
2334354
2336226
2336270
2336626
2336955
2338210
2338680
2338797
2340407
2341198
2341891
2341961
2343053
2344323
2346623
2346809
2347858
2349490
2350701
2351750
2352258
2353850
2355741
2355746
2356814
2356951
2358550
2361781
2363148
2363516
2363749
2363922
2365731
2368121
2368958
2369076
2369729
2370034
2370136
2370144
2370691
2370736
2371107
2371150
2372416
2373265
2375539
2375662
2377273
2379892
2383898
2383918
2384733
2386231
2387159
2387959
2388974
2389639
2390199
2390641
2391486
2392981
2393999
2394663
2395113
2395320
2396951
2397110
2397374
2397533
2397677
2397796
2400853
2401207
2401673
2403854
2406298
2407309
2407354
2408286
2410176
2410627
2410871
2412500
2414580
2415161
2415755
2415967
2415977
2416173
2416324
2416802
2418648
2419066
2419825
2421294
2421357
2421627
2422427
2423364
2424383
2424591
2427381
2428370
2428882
2429213
2432775
2433847
2437367
2438343
2438617
2442293
2442803
2445191
2445465
2446093
2446426
2447844
2449004
2449407
2449464
2449479
2449517
2450073
2450190
2451222
2452017
2452268
2452585
2452738
2453424
2454289
2455797
2455985
2458154
2461913
2462796
2463152
2464616
2465316
2466512
2467521
2468801
2469274
2469990
2470392
2470652
2472051
2473433
2474149
2474278
2474804
2474818
2475478
2476946
2477956
2479894
2480945
2482780
2482995
2484346
2485201
2486154
2486761
2486778
2486988
2487310
2487674
2488229
2492039
2493549
2493650
2494006
2495718
2495811
2496888
2497186
2497300
2497374
2497981
2498076
2498879
2499220
2499519
2501392
2503737
2507054
2507172
2508353
2508656
2509109
2511395
2512548
2512709
2513030
2513740
2513990
2515438
2515737
2516179
2516200
2516430
2516927
2517378
2517461
2517488
2517584
2519644
2519987
2521085
2521416
2521533
2522025
2524182
2524221
2524363
2526428
2528411
2528702
2528724
2528872
2528944
2532045
2532570
2533148
2534132
2534153
2534845
2536975
2537884
2538691
2539214
2543123
2544006
2544538
2546947
2547688
2549475
2551218
2551647
2552168
2553036
2553263
2553462
2553489
2553529
2553879
2554114
2554615
2556952
2557375
2558369
2559211
2559638
2560433
2561239
2561301
2561319
2561917
2562571
2563006
2563726
2565520
2567542
2572066
2572214
2573604
2573716
2574507
2574959
2576038
2576595
2576691
2576843
2579296
2579692
2582713
2584277
2584528
2584656
2585070
2585305
2587746
2589300
2589897
2590193
2590682
2590789
2590921
2591104
2592351
2592768
2594069
2594851
2594910
2595010
2595831
2600919
2601874
2601985
2602270
2603075
2603347
2605174
2606812
2608260
2608427
2610608
2610909
2611102
2612194
2612782
2613457
2613695
2617864
2620890
2623471
2624938
2625077
2625749
2626032
2629310
2629632
2629876
2631045
2631876
2631910
2632148
2633348
2633707
2633804
2634381
2639149
2639512
2641596
2643239
2643907
2644166
2644362
2644922
2645090
2645123
2645294
2645354
2646789
2647400
2647894
2648295
2649338
2651022
2651279
2652915
2653999
2655292
2656128
2656344
2656361
2657452
2658381
2659753
2660550
2664408
2664695
2666143
2666185
2666787
2668568
2669612
2671589
2672311
2673339
2673972
2674417
2675930
2675980
2677487
2678307
2678677
2679720
2681809
2682249
2683258
2683946
2685028
2688623
2689190
2689810
2690658
2691310
2691653
2691797
2691962
2692034
2694020
2697683
2698556
2698578
2699122
2699148
2699313
2700037
2700717
2703363
2705714
2705860
2709125
2712921
2714070
2716594
2717979
2718573
2718738
2718943
2720021
2720117
2720697
2720882
2721096
2721299
2721458
2721680
2721738
2722214
2723556
2724732
2726667
2726765
2727022
2728229
2728278
2730008
2730899
2733384
2736344
2737557
2737937
2738131
2738214
2739556
2739688
2740243
2740506
2740989
2741580
2741994
2743534
2745133
2745163
2749707
2749797
2750010
2750488
2751231
2753577
2754802
2754818
2755891
2756638
2756748
2758646
2758827
2758890
2759125
2760005
2760073
2760823
2762442
2763111
2763123
2763487
2763949
2765182
2765346
2769324
2771100
2771734
2772799
2773892
2774132
2775444
2776055
2776451
2777760
2779623
2781420
2782741
2783549
2785958
2787531
2789250
2789406
2791129
2791197
2791928
2791953
2792386
2794433
2795063
2797434
2797670
2799251
2799680
2799719
2800013
2800365
2800607
2800831
2801561
2801563
2802087
2802580
2803693
2803859
2803944
2804637
2805058
2806206
2806323
2808224
2808423
2808835
2809154
2809560
2811130
2811296
2811660
2812545
2816756
2819064
2819409
2819849
2820559
2821801
2823180
2823376
2828928
2828935
2829180
2829251
2831376
2834097
2834171
2834561
2834664
2835141
2835525
2836924
2837556
2838178
2838423
2838511
2838931
2838968
2839455
2839772
2840191
2840906
2841198
2841996
2842301
2842390
2842403
2845376
2849089
2849317
2849504
2850135
2851903
2853571
2855212
2855219
2855359
2856086
2856256
2856513
2858673
2859028
2859249
2859458
2859993
2860214
2860414
2861376
2861733
2862362
2864230
2865834
2867532
2868378
2868751
2870355
2870852
2871532
2871533
2872286
2872761
2873709
2874125
2874488
2875301
2876363
2876422
2876621
2877504
2878734
2881390
2882003
2882134
2883557
2884709
2886127
2886402
2887604
2888190
2889353
2890743
2891693
2893175
2893942
2894124
2894390
2894400
2894702
2895456
2895983
2896953
2897126
2898809
2899091
2899525
2899784
2899920
2900564
2901913
2902446
2903616
2907187
2907514
2907536
2908156
2908799
2909016
2910080
2910884
2911508
2914067
2914937
2915193
2916650
2917784
2920038
2920589
2920593
2921533
2921996
2922558
2925469
2925905
2926010
2929947
2930045
2930096
2930566
2931451
2931504
2933856
2934389
2935702
2936084
2936473
2937098
2937296
2938045
2938962
2939547
2939792
2940944
2943095
2944472
2944671
2945232
2946322
2946451
2947541
2948430
2950433
2950708
2950723
2951473
2953744
2954589
2954941
2956160
2960721
2961493
2961842
2965536
2965903
2966713
2966778
2968294
2968514
2968801
2971014
2972879
2973384
2973561
2973787
2975515
2976873
2977129
2977707
2978136
2981029
2981092
2983356
2983628
2983815
2983841
2984918
2985238
2985818
2986258
2986872
2988057
2988163
2988293
2989057
2989722
2990082
2990186
2990570
2991216
2991801
2993209
2994548
2995233
2996301
2999322
2999323
2999973
3000458
3001304
3001928
3001994
3002329
3002784
3004131
3005903
3006125
3008127
3008942
3009886
3009962
3011505
3011656
3011807
3011857
3014647
3014774
3017444
3019771
3021502
3022127
3022285
3022863
3023167
3024559
3024879
3025299
3025392
3025697
3027114
3027335
3027793
3028231
3029113
3029200
3029438
3029654
3033312
3033367
3035955
3038306
3039123
3040183
3043142
3043625
3045685
3046154
3046856
3046863
3047439
3047488
3049341
3050007
3051836
3052775
3053008
3054164
3054359
3054522
3055229
3057251
3058250
3058582
3058722
3060097
3060167
3064239
3066714
3067206
3068412
3069508
3072318
3072373
3074924
3075869
3076061
3076974
3077991
3078991
3080289
3080715
3082029
3082640
3082734
3083252
3083542
3087962
3088871
3090003
3090093
3091558
3092180
3092817
3094202
3095664
3096969
3097436
3097870
3099781
3099895
3100978
3101772
3103644
3103737
3105276
3106738
3106818
3107937
3108601
3108747
3108753
3109974
3110353
3113392
3114090
3115429
3115813
3117116
3117819
3118022
3118192
3119053
3121022
3121198
3122397
3123479
3123521
3123539
3124238
3125498
3125611
3125985
3129002
3129174
3130273
3131382
3131581
3132943
3134403
3135556
3135892
3138199
3138487
3139201
3142341
3142398
3142433
3143923
3146315
3146396
3147137
3147223
3150337
3151633
3153232
3153268
3153662
3155742
3155808
3156757
3157670
3157896
3158167
3158666
3162111
3163128
3163940
3163985
3166789
3167162
3169699
3169740
3172001
3172216
3173407
3173490
3174157
3174420
3175198
3175251
3177033
3177989
3178245
3179602
3180457
3181037
3181141
3182458
3183726
3184009
3184715
3185117
3186279
3186355
3187201
3188242
3189504
3190799
3192375
3193013
3193839
3195910
3195963
3196614
3198129
3198924
3198934
3199159
3200640
3201442
3202619
3204197
3204521
3205463
3205991
3208611
3209010
3209058
3209336
3209664
3209820
3210163
3210855
3210917
3212616
3212867
3212868
3213254
3213630
3214242
3214683
3216804
3219080
3222257
3223070
3224365
3224776
3225814
3226473
3227012
3229305
3230429
3231727
3231800
3232277
3233458
3235424
3236115
3240822
3241406
3241502
3241895
3241980
3243289
3244558
3244753
3244920
3246820
3247115
3248191
3248428
3249137
3249569
3250792
3253708
3255647
3256951
3257532
3257792
3258043
3259085
3259465
3260855
3262828
3264409
3264448
3265170
3266442
3266656
3266879
3269596
3272749
3273298
3273763
3274496
3274521
3280776
3281604
3281924
3282846
3283526
3283853
3284236
3284690
3285424
3285897
3286400
3286587
3287397
3287558
3288895
3289160
3290993
3291132
3293557
3295356
3295657
3296760
3297104
3298829
3300410
3300640
3301174
3302647
3303037
3303315
3303818
3304310
3305200
3305844
3308125
3308909
3310518
3310673
3312214
3312435
3313579
3314438
3314554
3317441
3317588
3318440
3319821
3320135
3320406
3323201
3323847
3324109
3325175
3326123
3326382
3326634
3326666
3328552
3330840
3330897
3332175
3337266
3337970
3339139
3339367
3339388
3339707
3339846
3340674
3341679
3342222
3342273
3342835
3342958
3343142
3344122
3344349
3344418
3344536
3345502
3347048
3347278
3347490
3347630
3347954
3348622
3348764
3349145
3349203
3350157
3350439
3350956
3353257
3353757
3354016
3354404
3355397
3356196
3356332
3357598
3357726
3357745
3357781
3358684
3359563
3361041
3361368
3364151
3365082
3365213
3365270
3367637
3367848
3369107
3369151
3370524
3370771
3370943
3371049
3371062
3371640
3372491
3372736
3372761
3373240
3373429
3373978
3382259
3383242
3384352
3384829
3386413
3386924
3387195
3389036
3389041
3390075
3390925
3391422
3392445
3393719
3395657
3396616
3396706
3397221
3398530
3399554
3400496
3401072
3402126
3402788
3403242
3403464
3403898
3404379
3407498
3408627
3409236
3409416
3409462
3411689
3411752
3412007
3412102
3412843
3412857
3413077
3413091
3413934
3415443
3415473
3415531
3416693
3416793
3417814
3418754
3418809
3419078
3420932
3421138
3421585
3422591
3423729
3426670
3428361
3432602
3433086
3434384
3435605
3435770
3436691
3439606
3439623
3439644
3441675
3442559
3444592
3445954
3446107
3447364
3448215
3449249
3449850
3450155
3450868
3451446
3451473
3452152
3453089
3453325
3453349
3456052
3457414
3459676
3460606
3461861
3464303
3465681
3467715
3467792
3469760
3471903
3472443
3472774
3472949
3474494
3477610
3478426
3480850
3481975
3482360
3483133
3485519
3486589
3488621
3488662
3489003
3489241
3491392
3494921
3495671
3496765
3496891
3497567
3498250
3498659
3499950
3500410
3501485
3502004
3502689
3505994
3506680
3508907
3509499
3510137
3511004
3511963
3512991
3513398
3515178
3516067
3516681
3517509
3517646
3518892
3518977
3519784
3520014
3520666
3521235
3522184
3522654
3523248
3523451
3523462
3523536
3523757
3524466
3526785
3526826
3527015
3530200
3530665
3530824
3531243
3532805
3534907
3535096
3535147
3535192
3535787
3535925
3536145
3537322
3537722
3538522
3540611
3542065
3542274
3542617
3543845
3543904
3545390
3545590
3545803
3547699
3547795
3549022
3549498
3549579
3549600
3550239
3551456
3551677
3552569
3553344
3555569
3557202
3560292
3560431
3560976
3561607
3561839
3563866
3565255
3567194
3567515
3568405
3569655
3570029
3570069
3570099
3571812
3573550
3573811
3574012
3575739
3576984
3577507
3580138
3580714
3583052
3583981
3584690
3586581
3588077
3588839
3589088
3589654
3591509
3592031
3593370
3593803
3594587
3594953
3596800
3597276
3598690
3599282
3599332
3599374
3600547
3601102
3601679
3603878
3604694
3605260
3605363
3606599
3609220
3609674
3609675
3614469
3615464
3616752
3617216
3619170
3619222
3619306
3619982
3621221
3621625
3621943
3622169
3622917
3623168
3623623
3624093
3625521
3626019
3626374
3626679
3627243
3627800
3628291
3628836
3630097
3630617
3634505
3634709
3634758
3635459
3635686
3637532
3638378
3638834
3638946
3641954
3643435
3644101
3644218
3646215
3646586
3647374
3648094
3648358
3648545
3648797
3649723
3650992
3653112
3654153
3656109
3663927
3664717
3666565
3667561
3668392
3668951
3669088
3669117
3669859
3671670
3672095
3674763
3674927
3675501
3675749
3678767
3680536
3680866
3681655
3682662
3682737
3683062
3685300
3685529
3686400
3690050
3690407
3691219
3691329
3693023
3694019
3694544
3696401
3696960
3697083
3697718
3698896
3699058
3701494
3702422
3703807
3704235
3705123
3706275
3706904
3707766
3708218
3708866
3708884
3709610
3710294
3710810
3711936
3711957
3711974
3715328
3715931
3716208
3717979
3718455
3718915
3719100
3719336
3720322
3720501
3722307
3723083
3724354
3724602
3725316
3728743
3729436
3730447
3731779
3733504
3733562
3734142
3735608
3736821
3737046
3737597
3738125
3738442
3738626
3739873
3741046
3741209
3744600
3744884
3746870
3747322
3747831
3748391
3748583
3748585
3748644
3749756
3751094
3751437
3752018
3752540
3752609
3753031
3754160
3758983
3759270
3759542
3759811
3759989
3762669
3762928
3762958
3764612
3765135
3767590
3768225
3770497
3771163
3772500
3772745
3773532
3775106
3776787
3777273
3777655
3779534
3781069
3781614
3782954
3783032
3783072
3783762
3783881
3785790
3786689
3787519
3787745
3788566
3788624
3789319
3792283
3793836
3793861
3794835
3795350
3797676
3797790
3798997
3800966
3802479
3802698
3802900
3805178
3805275
3805897
3807002
3807397
3808026
3809283
3809573
3809594
3810522
3811037
3811415
3812504
3813326
3814240
3814765
3815075
3816092
3817388
3818646
3819970
3821119
3821237
3821392
3821662
3822111
3822733
3823663
3825718
3826921
3827213
3828729
3829191
3829229
3829991
3830026
3830037
3830112
3832359
3832548
3832860
3832900
3833500
3835925
3836607
3837876
3838164
3838343
3838445
3838587
3838929
3841294
3842162
3842260
3842434
3842610
3847510
3847823
3848076
3849185
3849519
3850108
3851489
3852571
3853272
3854217
3854397
3854489
3855268
3856518
3857048
3857083
3857196
3857974
3860116
3860312
3860357
3860609
3860701
3861079
3862038
3862651
3862796
3863052
3865635
3866257
3866419
3866855
3867026
3869564
3869866
3870033
3870418
3872206
3872925
3872959
3873715
3874717
3874913
3875478
3877617
3879144
3882161
3883917
3884043
3885279
3885476
3886657
3886764
3890327
3890439
3891017
3891563
3892503
3893691
3893939
3894189
3895977
3897487
3897599
3899135
3899500
3900917
3901097
3901195
3901394
3902406
3902441
3904165
3905732
3906149
3907140
3907260
3908914
3908977
3909182
3912775
3913972
3914721
3914801
3915501
3915667
3916019
3916212
3916301
3922217
3923490
3925025
3927400
3929474
3929919
3931209
3933491
3934460
3937151
3937347
3937466
3937767
3942880
3943117
3943713
3943765
3943789
3947157
3950549
3951184
3952174
3952468
3953380
3953404
3955015
3955571
3956473
3957434
3960567
3961171
3962419
3963822
3964411
3968698
3968746
3969112
3970551
3971329
3972007
3975410
3976847
3978386
3979574
3979624
3979848
3980004
3981072
3981914
3982353
3982667
3986147
3986355
3987018
3987690
3987825
3987833
3987937
3988936
3989305
3989729
3990357
3990667
3993965
3994203
3994526
3994626
3995447
3997399
3997975
3998953
3999098
4000804
4000944
4002458
4004063
4005227
4006746
4007179
4009301
4010041
4010468
4011584
4011714
4013646
4014918
4014963
4015217
4015483
4017447
4017919
4018450
4018893
4019342
4019850
4019899
4020002
4020473
4020858
4021655
4021849
4023663
4024281
4024362
4027667
4028262
4029593
4030281
4030547
4033056
4036409
4038253
4039202
4039532
4039704
4040712
4040729
4042794
4044560
4045308
4045768
4046907
4048170
4049181
4049952
4051364
4051433
4051694
4052746
4053651
4055688
4056149
4056757
4056898
4060516
4060675
4061659
4061893
4062461
4063714
4063952
4064852
4066888
4066967
4066981
4067634
4069203
4069901
4070435
4070827
4071704
4072848
4073080
4073953
4075680
4078313
4081023
4083894
4084040
4087429
4088417
4088767
4090282
4091476
4091502
4091609
4096759
4098155
4098421
4098422
4099071
4099779
4099783
4100194
4100211
4100441
4100610
4101628
4104481
4105042
4106313
4106854
4108033
4110071
4110123
4110453
4111110
4113319
4114588
4115131
4116796
4117021
4117481
4118324
4119940
4120039
4120241
4121172
4121209
4122203
4123061
4123176
4123679
4123966
4124233
4124254
4124411
4124955
4125437
4127118
4127953
4129476
4130246
4131064
4133939
4134697
4136044
4136312
4136851
4137013
4139050
4139381
4141333
4141934
4142185
4142714
4143925
4144384
4145862
4150362
4151901
4154079
4155091
4155297
4155724
4155737
4158050
4158134
4159282
4159581
4159708
4159870
4161588
4164292
4164469
4165484
4165705
4166396
4166614
4167161
4171460
4171480
4172953
4173219
4174653
4175814
4175920
4178213
4180060
4180661
4180760
4182451
4185000
4186437
4187138
4187903
4187975
4188165
4188505
4188566
4189195
4189269
4190180
4190447
4191845
4193655
4194506
4194772
4196704
4197042
4198633
4198805
4198936
4199959
4201379
4201475
4201701
4201859
4202122
4203708
4204199
4206490
4207655
4207850
4208055
4208439
4210258
4210939
4210971
4212543
4215044
4216377
4216466
4216724
4218506
4219570
4221121
4221823
4223023
4225782
4227331
4228204
4228287
4228493
4228712
4229157
4229508
4233686
4233984
4234061
4234233
4234421
4236330
4237849
4238289
4239311
4239973
4240262
4240380
4240768
4241419
4241657
4244518
4246610
4247371
4247932
4248792
4248799
4249394
4249418
4249769
4250330
4251993
4253158
4253372
4254237
4254638
4254824
4255621
4257558
4258443
4258448
4258508
4260692
4261846
4263798
4264453
4265245
4265803
4265811
4266763
4267330
4268052
4268768
4271025
4271817
4272543
4272862
4272897
4272903
4273270
4275339
4275363
4275368
4276408
4278113
4279117
4279554
4281408
4282074
4283241
4283563
4285950
4286985
4287304
4287625
4289358
4290937
4292707
4294187
4295845
4296352
4296655
4297825
4297926
4298551
4299150
4299511
4300899
4301121
4301501
4302334
4302554
4303778
4304360
4306442
4309648
4309719
4311504
4315464
4315985
4317693
4318104
4318224
4318450
4319166
4319921
4321987
4322279
4322856
4323004
4323820
4323975
4324832
4326450
4328089
4328614
4329099
4329590
4332537
4332913
4334249
4334360
4335403
4336566
4337092
4338484
4339223
4339710
4339918
4341950
4342515
4343434
4343866
4345494
4347159
4347177
4347631
4350465
4350794
4351118
4353823
4354985
4355274
4355360
4355410
4355472
4356105
4356146
4358223
4358376
4361321
4362965
4363460
4364681
4364884
4365086
4367053
4367670
4367677
4367737
4367927
4368889
4371454
4371858
4371871
4372711
4372719
4372874
4372904
4374131
4374318
4374581
4375449
4377113
4378455
4378704
4378716
4379488
4380651
4380827
4381876
4381975
4384597
4386799
4387114
4388062
4388483
4392061
4392774
4394890
4396405
4398415
4399160
4400070
4400198
4400760
4400843
4401757
4401900
4402258
4402855
4403076
4404373
4406000
4406380
4407044
4408745
4409357
4410941
4411314
4413579
4415003
4415407
4417763
4417893
4417975
4418030
4419434
4419458
4419733
4419862
4420709
4420897
4421855
4423038
4429955
4430841
4431003
4431951
4434975
4435410
4437653
4440325
4442545
4442864
4444108
4446157
4448200
4448442
4448894
4449543
4451977
4452252
4452370
4452706
4455785
4456517
4457615
4459504
4460439
4460449
4463138
4463834
4463888
4465380
4466102
4468444
4468729
4469903
4471038
4473884
4474528
4475003
4476629
4476776
4477112
4478332
4478411
4479921
4481243
4482025
4484173
4484465
4484544
4484565
4486668
4487140
4487934
4488053
4492457
4493862
4494275
4495501
4496758
4497318
4497374
4497912
4497958
4498295
4498423
4498965
4499493
4499698
4500283
4501564
4502989
4503972
4504720
4505088
4505241
4505466
4506681
4506748
4508258
4508358
4509540
4512038
4512065
4512690
4513210
4514289
4515741
4516220
4519879
4521372
4522125
4523277
4523675
4523738
4527153
4528291
4529543
4530926
4533015
4533099
4533207
4534742
4534993
4535015
4535581
4536231
4542390
4546014
4546829
4547513
4547929
4548743
4549439
4550765
4551466
4553130
4553148
4554132
4554810
4555604
4556720
4557226
4558185
4559861
4560334
4561099
4562583
4562707
4563036
4563169
4563582
4565317
4566360
4566631
4567253
4568397
4568613
4569597
4569847
4571213
4571922
4572960
4575013
4576082
4577985
4578709
4579145
4579794
4580917
4581254
4581773
4582129
4582137
4582704
4590311
4591002
4591176
4591531
4593373
4593556
4593731
4595345
4596448
4596537
4597912
4598240
4601389
4602114
4602694
4603318
4604229
4604869
4605931
4606593
4610412
4616509
4616510
4616800
4617287
4617488
4617699
4617966
4618562
4618633
4619354
4620534
4621772
4623296
4624271
4626230
4627629
4627640
4629458
4629534
4629818
4630723
4631018
4633723
4634872
4635147
4639450
4639920
4640133
4640657
4640773
4641348
4644603
4645032
4645591
4648000
4648115
4648276
4650678
4651172
4651381
4652800
4654489
4654549
4654731
4654895
4655145
4657712
4658146
4658329
4659451
4660194
4660761
4661445
4663689
4664791
4666424
4667247
4669537
4670243
4670711
4672111
4672184
4674541
4676699
4677448
4678203
4678909
4681553
4681704
4682880
4683137
4684086
4684306
4684604
4685822
4690123
4691635
4692024
4693227
4694413
4694415
4695833
4701275
4701868
4702946
4703323
4704096
4704116
4704212
4706536
4708322
4709443
4709905
4709927
4710072
4710123
4710681
4711214
4712244
4713349
4713464
4715291
4716966
4717140
4718566
4719218
4719230
4719692
4723335
4725140
4725370
4729230
4730315
4731091
4731127
4731130
4732453
4733474
4733478
4733785
4735561
4736828
4737806
4739082
4739808
4740237
4744784
4746120
4747288
4747559
4748532
4749628
4750018
4750546
4750694
4750883
4751355
4751383
4752090
4752484
4752719
4753192
4754448
4755914
4756013
4756771
4758757
4759757
4761347
4761720
4761771
4762057
4762660
4763007
4765377
4765867
4768807
4772907
4773510
4776880
4777596
4778037
4780260
4780627
4784752
4784886
4786067
4788315
4788468
4788518
4789225
4792863
4793383
4794160
4796031
4796627
4798102
4798932
4802045
4802633
4803038
4803171
4803173
4803622
4804015
4804710
4808020
4808667
4809686
4811649
4813808
4816130
4816768
4817838
4819996
4822142
4824024
4824900
4825099
4828729
4828972
4829929
4830031
4830785
4833012
4833109
4833252
4835607
4836128
4838304
4839413
4841026
4842363
4842984
4843376
4843502
4843636
4844227
4845076
4845264
4847212
4847662
4848245
4848757
4849116
4850326
4851229
4853452
4858043
4858081
4858989
4859432
4859517
4860434
4861022
4861295
4861657
4863913
4865618
4866222
4867302
4867971
4870299
4871503
4872349
4872553
4872962
4873737
4875785
4875820
4876086
4877273
4877559
4878070
4880206
4880268
4882754
4882779
4883836
4884345
4885783
4887271
4887481
4888683
4891245
4892993
4893763
4895240
4896147
4897271
4898444
4898615
4898723
4899544
4900483
4901070
4901421
4902195
4902218
4903296
4904842
4904846
4905136
4905166
4905383
4906176
4908014
4908722
4908788
4910501
4911062
4911947
4914428
4914923
4915086
4916177
4917652
4919899
4920073
4920770
4920899
4921093
4922248
4923781
4925009
4925545
4925589
4927126
4927418
4927486
4927733
4928645
4928937
4931264
4931279
4934268
4936345
4937589
4941301
4941764
4947791
4948844
4949125
4949163
4949231
4951638
4951639
4952310
4952706
4953592
4955702
4958270
4958787
4959575
4960190
4961177
4961898
4962021
4965304
4965347
4968633
4968812
4973779
4975525
4975769
4975826
4977162
4977745
4978628
4980113
4980321
4981400
4981918
4983399
4983927
4984335
4984385
4985106
4985199
4985327
4985461
4986313
4988237
4989411
4989885
4989901
4990959
4991052
4991955
4994230
4994239
4994536
4995819
4997044
4999901
5000551
5000960
5001248
5001458
5001584
5002433
5004559
5004891
5004905
5006051
5006054
5006089
5007019
5008674
5009166
5009518
5009820
5009834
5013435
5014292
5015403
5015444
5015683
5016111
5018526
5018637
5019184
5019606
5020257
5021028
5021643
5023758
5025513
5025625
5027097
5028464
5028736
5029964
5030581
5031878
5032492
5033000
5033047
5033187
5033320
5033401
5033496
5034018
5035271
5035791
5036461
5037687
5038224
5038581
5041561
5041726
5044288
5044362
5044809
5046454
5046496
5048321
5048547
5048868
5049533
5051816
5051840
5052096
5053093
5053875
5054844
5055103
5055488
5057628
5059121
5059298
5059680
5059698
5061315
5063760
5065211
5066904
5068050
5069004
5069267
5069808
5069886
5071292
5071835
5072128
5073314
5074025
5074451
5074791
5074999
5075024
5075692
5076835
5077366
5079253
5080206
5080321
5080609
5080760
5082407
5083393
5083514
5083643
5083903
5084584
5085996
5086225
5086454
5087510
5089015
5089444
5089697
5090032
5091695
5091995
5092850
5094713
5095649
5096283
5096608
5096739
5099227
5099817
5100338
5101506
5101714
5104913
5106700
5107120
5108533
5108602
5110129
5113601
5115460
5115744
5116346
5116456
5117741
5119883
5120745
5120938
5121367
5122163
5122235
5123345
5123752
5124793
5124913
5125145
5125420
5127944
5129694
5130982
5131081
5131889
5132698
5133962
5134162
5135281
5137580
5137913
5139629
5139798
5141107
5142570
5142964
5144276
5144684
5144969
5146334
5146499
5147258
5149197
5150428
5150881
5151473
5151576
5152099
5153441
5153595
5153847
5154928
5159254
5159347
5160013
5160885
5161319
5161330
5165868
5168448
5170515
5170590
5171079
5171340
5171414
5172062
5172523
5172859
5173957
5174112
5178029
5178080
5178451
5178913
5179224
5179240
5179455
5179615
5180961
5181261
5181390
5182343
5185387
5186224
5187054
5187181
5187910
5188461
5188603
5189995
5191401
5191477
5192889
5193295
5194582
5196157
5196313
5197682
5198755
5199215
5199715
5199981
5200993
5201042
5202748
5203808
5204666
5204908
5205673
5206708
5206969
5207054
5207517
5207572
5208214
5211625
5212956
5213493
5213835
5214083
5214312
5215458
5216459
5216626
5216761
5218212
5219813
5220120
5221133
5223790
5223997
5224113
5224259
5224384
5226739
5227376
5227423
5228697
5230769
5233123
5233171
5233208
5233358
5234328
5234726
5235996
5236018
5236458
5237294
5237883
5238333
5239646
5239779
5240291
5241893
5241982
5242096
5244617
5244845
5245065
5245271
5245852
5245928
5246041
5248907
5251495
5251689
5251759
5251812
5252007
5252960
5253076
5253322
5254535
5256009
5256428
5256802
5256879
5257526
5259320
5260542
5261790
5261867
5262622
5263377
5264036
5264665
5264871
5265451
5266065
5266070
5266832
5268724
5268893
5269213
5270368
5270824
5272958
5273814
5274023
5274665
5275236
5275253
5275323
5275555
5275713
5275829
5276100
5277100
5277479
5278400
5278548
5279193
5280286
5282525
5285101
5285892
5286115
5286963
5288507
5288537
5288609
5289153
5289581
5289823
5289977
5290448
5290918
5290950
5292512
5292782
5292825
5292833
5292915
5293379
5293878
5295051
5295772
5299106
5299735
5301702
5301962
5303869
5304429
5305069
5307911
5310265
5312695
5313498
5314096
5315102
5316321
5316691
5317875
5318653
5319117
5319478
5319933
5323543
5323551
5323622
5324235
5324487
5324548
5324747
5325324
5326037
5327283
5327302
5329523
5331556
5331664
5334477
5335920
5336468
5336825
5337672
5337947
5337966
5338298
5338353
5338743
5340049
5340053
5340416
5341018
5341509
5341872
5341952
5342271
5344115
5344958
5347085
5348666
5350142
5350577
5350736
5351403
5352259
5352854
5353074
5356004
5356422
5357519
5359007
5361517
5361940
5365029
5366705
5366759
5366774
5367694
5368976
5370865
5370982
5371417
5372833
5373158
5373193
5374171
5377253
5377273
5378598
5380882
5381970
5382913
5383058
5385469
5385840
5387338
5387666
5390119
5390259
5391828
5393747
5394163
5395442
5395916
5397443
5398855
5399650
5401060
5401759
5402554
5402687
5402902
5403019
5403669
5403963
5404741
5405678
5406648
5406680
5408421
5408464
5408517
5409774
5411418
5411650
5418986
5418989
5420633
5420919
5423543
5423582
5423665
5423936
5424763
5425160
5425388
5425747
5426487
5427816
5429900
5431698
5432624
5433015
5433275
5433622
5433797
5434086
5434132
5434451
5436698
5440068
5440134
5441150
5443324
5443836
5445637
5445937
5448072
5448638
5448970
5449073
5449122
5449201
5449895
5450488
5451741
5452493
5452596
5455128
5455201
5456270
5456343
5456663
5457889
5457923
5459218
5462894
5463058
5464521
5464545
5464705
5464911
5465243
5465535
5465606
5465783
5466688
5467318
5467677
5467771
5468638
5469863
5470145
5470703
5471200
5471300
5471575
5471706
5471897
5472358
5474140
5475052
5476406
5477459
5478230
5478537
5479185
5480306
5480722
5480804
5480979
5480989
5481700
5483842
5484308
5484680
5484923
5487183
5487892
5488522
5490179
5490660
5491919
5492805
5492925
5492999
5494415
5494989
5495218
5495484
5495824
5496093
5496608
5497026
5498035
5498360
5500158
5500384
5500695
5500899
5501777
5502394
5502733
5503305
5503546
5504310
5504386
5505371
5506657
5506771
5509507
5510683
5510751
5511940
5511962
5514442
5515401
5516110
5518084
5518172
5518642
5520684
5521007
5522498
5523270
5523458
5523515
5523601
5524337
5525122
5525140
5525601
5526092
5526248
5527107
5527244
5527603
5528169
5528584
5529110
5529811
5530361
5530508
5530670
5531022
5531380
5531431
5531901
5531955
5539831
5540529
5540862
5540919
5543211
5543467
5544163
5544808
5547645
5548002
5549606
5550115
5550523
5551622
5552243
5552402
5553464
5553962
5558212
5558431
5559233
5559393
5559398
5559883
5560788
5561568
5561750
5562688
5563395
5563485
5563562
5563971
5566756
5570879
5571891
5573633
5574458
5574951
5575173
5575220
5575599
5577371
5577556
5578869
5578972
5578990
5582179
5583016
5583419
5584237
5584944
5585025
5585517
5585952
5587099
5589746
5591216
5591364
5591626
5593404
5594888
5594986
5597889
5598661
5599470
5600870
5601105
5602782
5603320
5603367
5604960
5606853
5607205
5607596
5608055
5609748
5610325
5610726
5611155
5611487
5611609
5612109
5613074
5613799
5614357
5614364
5614881
5616792
5617064
5617093
5617539
5620412
5621045
5621760
5622556
5623598
5623617
5626762
5627030
5627800
5630133
5630936
5631747
5631961
5632341
5635581
5636270
5637179
5637714
5637897
5640907
5640972
5641677
5642239
5643158
5646787
5649184
5651335
5654860
5655192
5655282
5656057
5656069
5656395
5658193
5658589
5661972
5662477
5663128
5664116
5664256
5665455
5666541
5667881
5669325
5672858
5673355
5674215
5675461
5675983
5678488
5679285
5679972
5680923
5682408
5682810
5683882
5684841
5685059
5686023
5687764
5689715
5689863
5690442
5691153
5691926
5693011
5696158
5696409
5697031
5698902
5698965
5699179
5700109
5700392
5700658
5701224
5701759
5702776
5703397
5703533
5703541
5703666
5704009
5704041
5704119
5706444
5708196
5711121
5711771
5711961
5712345
5712956
5713518
5715142
5716754
5717319
5718685
5718750
5719104
5720487
5720937
5720971
5721608
5722259
5722332
5722832
5723642
5725143
5725914
5728050
5728171
5729034
5729557
5731169
5731281
5732275
5733278
5733396
5734572
5735616
5735914
5740981
5741632
5741829
5743226
5743915
5744368
5744615
5744743
5745602
5745784
5746201
5746903
5747589
5748412
5749660
5749895
5750363
5750613
5750720
5751023
5751469
5752900
5753586
5757298
5757836
5758474
5758558
5758874
5760251
5760710
5760805
5760843
5761346
5762958
5763086
5764975
5765683
5765867
5765879
5766661
5768786
5769617
5769931
5770749
5771787
5773174
5773993
5775259
5775564
5777619
5778254
5778408
5780265
5781158
5781872
5782079
5783059
5783106
5786978
5787641
5787882
5788101
5792942
5795312
5796632
5797699
5798418
5798448
5799622
5801535
5802312
5803573
5805166
5805298
5805353
5805433
5807316
5809043
5809269
5809930
5810305
5810649
5811410
5814155
5815595
5815852
5817585
5817733
5818036
5818652
5818750
5819401
5820252
5822413
5823714
5824338
5824496
5825765
5832774
5833219
5833389
5833436
5834620
5834628
5834700
5835569
5838772
5839597
5839726
5840461
5840572
5840726
5840968
5841817
5842095
5842566
5845740
5846000
5846080
5846169
5846319
5846340
5847146
5847920
5849601
5850231
5850882
5851694
5853047
5855715
5856926
5856975
5857852
5858239
5858328
5858984
5859247
5859921
5863873
5864123
5864686
5865385
5865958
5866100
5866893
5867059
5867243
5867451
5869305
5870696
5872327
5872333
5873081
5873708
5874754
5875070
5875642
5876762
5878166
5878393
5878507
5878682
5880192
5880301
5884546
5885682
5885928
5886120
5886522
5886567
5886740
5887124
5887747
5890231
5890288
5891622
5892162
5892432
5892823
5892917
5895864
5895954
5896661
5897732
5897801
5898208
5898248
5899010
5900122
5900131
5901661
5903052
5903231
5903584
5903948
5904434
5904860
5905282
5906295
5907669
5908049
5908712
5908836
5910394
5912236
5912490
5912844
5914302
5914611
5914818
5917297
5920102
5920871
5921286
5921439
5921568
5921768
5923281
5923534
5924297
5925068
5928667
5929519
5929605
5930283
5930308
5931625
5932173
5932987
5933167
5933463
5934101
5936002
5936052
5937318
5937674
5939739
5940573
5940768
5942453
5942592
5943737
5944021
5945257
5945286
5946619
5947051
5948288
5948747
5950276
5950687
5951552
5952726
5952813
5953321
5953699
5954035
5955289
5955377
5955601
5956368
5956469
5956695
5957367
5958586
5959018
5960089
5961796
5962654
5964248
5965008
5965154
5965496
5968798
5970253
5970681
5971157
5971534
5972939
5972958
5973873
5974653
5976579
5981779
5982248
5982347
5983191
5983197
5983371
5983653
5984435
5985315
5985650
5986702
5986862
5987345
5988960
5989497
5990018
5990087
5990275
5990300
5990841
5991067
5991647
5992018
5994563
5994947
5995307
5996136
5996859
5997843
5998236
5999024
5999458
5999990
6000676
6000688
6002186
6002364
6004332
6005413
6005546
6005575
6005654
6005779
6006119
6006388
6006582
6007368
6007479
6007948
6009368
6009411
6014034
6014173
6014188
6014312
6014409
6014450
6020741
6022399
6022421
6023272
6023655
6024931
6026863
6027556
6027693
6028365
6030249
6030309
6030846
6030860
6033033
6033370
6033807
6033870
6035149
6035696
6035990
6036078
6036352
6036412
6036611
6037288
6037951
6038845
6039232
6040062
6040318
6041216
6041672
6042902
6043611
6044164
6045192
6045324
6045816
6047496
6047555
6050920
6051927
6052544
6054138
6055056
6055076
6055538
6056775
6057382
6059613
6059960
6060032
6060167
6061736
6063239
6063859
6065011
6065942
6067599
6067755
6068854
6071498
6071569
6072862
6077457
6079028
6079154
6079279
6080371
6080879
6080903
6081153
6082341
6082873
6084198
6084870
6085480
6085572
6085694
6087372
6087404
6087657
6088066
6088349
6089941
6090570
6092646
6093400
6095772
6095839
6096825
6098224
6098345
6099003
6099427
6099635
6100069
6101209
6101301
6103342
6103516
6105110
6106362
6106986
6107588
6109050
6109398
6109703
6111802
6112098
6113438
6113776
6115727
6117637
6118993
6119211
6119288
6119400
6119788
6119796
6120361
6121103
6122657
6123207
6123574
6124087
6124216
6124932
6125412
6125420
6126528
6128079
6131731
6131838
6133750
6134844
6137322
6137651
6137788
6138771
6139956
6140679
6142507
6142696
6145251
6147512
6148272
6148680
6149368
6149544
6152438
6154970
6155692
6157171
6158707
6159146
6160867
6163435
6164187
6164300
6165334
6166047
6166703
6166788
6167704
6168031
6170038
6176031
6176059
6176968
6177514
6178212
6179712
6180180
6183091
6183504
6183912
6184649
6185388
6186004
6186838
6188727
6189151
6190229
6190785
6191860
6192049
6192430
6192717
6193180
6196525
6196619
6196997
6197912
6198429
6199757
6200272
6200938
6200946
6201247
6202177
6203017
6205346
6205843
6206365
6206773
6209993
6210701
6211439
6211535
6214254
6214982
6215748
6216869
6217763
6218082
6218552
6219449
6220499
6221435
6221891
6222074
6222081
6222120
6222455
6223288
6223494
6224834
6226494
6226743
6227832
6230721
6231855
6232269
6233385
6234055
6234291
6234331
6234467
6234785
6235238
6235366
6237324
6237563
6238324
6239144
6239216
6240187
6240779
6241527
6243326
6243416
6244639
6244898
6244921
6245371
6246014
6246410
6246550
6246968
6247645
6248666
6248717
6249206
6250273
6252133
6252423
6253216
6256432
6256763
6257358
6259987
6260147
6260222
6261728
6263178
6263595
6263693
6264188
6264341
6264881
6270138
6270226
6273701
6275361
6275419
6275738
6276071
6276814
6277060
6278241
6278827
6279747
6282354
6283192
6283193
6283260
6283613
6284326
6285543
6286079
6286329
6288098
6289011
6289611
6289920
6290250
6293140
6293556
6295564
6295718
6296945
6297254
6297529
6299248
6299615
6299875
6301209
6301221
6303422
6303520
6304201
6304334
6305002
6305452
6305549
6305816
6306226
6308727
6309077
6309538
6309696
6310105
6310416
6314630
6314915
6315697
6316562
6316807
6319101
6319342
6319652
6319892
6320240
6320757
6323476
6323822
6324299
6325947
6327332
6327717
6329434
6329681
6330786
6330910
6332609
6332846
6336236
6336523
6336694
6336932
6339388
6339570
6340218
6340881
6341187
6341458
6343943
6344816
6345334
6346592
6346777
6347901
6348783
6351404
6351653
6352229
6352530
6355284
6355544
6356469
6357673
6358484
6358942
6359114
6360168
6360663
6364469
6364485
6366522
6367011
6368718
6368840
6369900
6370574
6370957
6371580
6372030
6372454
6372748
6373445
6374495
6374583
6374729
6375264
6376795
6378683
6379307
6379355
6379478
6379826
6380922
6381613
6381622
6383887
6385145
6385889
6386917
6389164
6390106
6390401
6391159
6394016
6394043
6394156
6394343
6395703
6396822
6396946
6397284
6398361
6398548
6398746
6400460
6401159
6402483
6402726
6403219
6403291
6404440
6404618
6405107
6405328
6405921
6408869
6411609
6414477
6414814
6416213
6416639
6416920
6416925
6416988
6417331
6420536
6420761
6422158
6422414
6423814
6424717
6425035
6425502
6430583
6431663
6432225
6433427
6435155
6436032
6436694
6437235
6437240
6437410
6438755
6438815
6439067
6439224
6441658
6442878
6443146
6444479
6444558
6445932
6447365
6447547
6448790
6448984
6449719
6449882
6450243
6454374
6454743
6454943
6460819
6461027
6464967
6465617
6466088
6466503
6466910
6468510
6468852
6469823
6470464
6471572
6472573
6473012
6473406
6473591
6474679
6475493
6475648
6476061
6477635
6478061
6478270
6478662
6478848
6481258
6481326
6481830
6482680
6483722
6484565
6484800
6486007
6488468
6489461
6490407
6491572
6491769
6491877
6491928
6492107
6493289
6493489
6493958
6495372
6495681
6495829
6495988
6496984
6497048
6501701
6501906
6502386
6504544
6504889
6507604
6507799
6507955
6508681
6509097
6509597
6510028
6511077
6511589
6512114
6513097
6513132
6513276
6515048
6515619
6515903
6518400
6518744
6518779
6519251
6519258
6519522
6520852
6520854
6521149
6521279
6521799
6522058
6523251
6523832
6525629
6526138
6526417
6526994
6527117
6527294
6528549
6533596
6533635
6533933
6536471
6538357
6539100
6539918
6540494
6541511
6543114
6543663
6544496
6544664
6545115
6546544
6546964
6547863
6548221
6549777
6551891
6552022
6554390
6554486
6554614
6554782
6557336
6559454
6560323
6562067
6562364
6562553
6563223
6563706
6564950
6565051
6567303
6570080
6570983
6572094
6572606
6572696
6574854
6580292
6580814
6583533
6584722
6585617
6587429
6587471
6587710
6591631
6593120
6596681
6597196
6597648
6597736
6598286
6600206
6600638
6600790
6601013
6602277
6603638
6604507
6605209
6605708
6606385
6606514
6607682
6608494
6609021
6611746
6612259
6613661
6615506
6615627
6616056
6616912
6617140
6617239
6617514
6617658
6618231
6618654
6618705
6619311
6619631
6619956
6621881
6622711
6622919
6623016
6623198
6625027
6625572
6625967
6626327
6626801
6635268
6637331
6637398
6637984
6638394
6639033
6639791
6639946
6640232
6640900
6640967
6641466
6643557
6643701
6643999
6644209
6645098
6646802
6647114
6647885
6647886
6648038
6648976
6649175
6649659
6650393
6650484
6651530
6652440
6652780
6656039
6656091
6657154
6657636
6657732
6657913
6658027
6658046
6660494
6660547
6661309
6661923
6663250
6663380
6663995
6664698
6665171
6665251
6665257
6666913
6667313
6668399
6670111
6670253
6671005
6671285
6672181
6673091
6673986
6675427
6675633
6676048
6676477
6676668
6677191
6678143
6678439
6679717
6680491
6681878
6681913
6684733
6685242
6686467
6688660
6689538
6689838
6690441
6691451
6693233
6693903
6694662
6695795
6696284
6696585
6696688
6696700
6697075
6697190
6700278
6700737
6701353
6701443
6701758
6702194
6702243
6702841
6703393
6705041
6705405
6705851
6706969
6708819
6708951
6709904
6710771
6712659
6712875
6713337
6713530
6714235
6714549
6715096
6716167
6716605
6717896
6718572
6719698
6720003
6720067
6722634
6724332
6724617
6725005
6726970
6727019
6727755
6728492
6730129
6733640
6734090
6736699
6737037
6737043
6738769
6739091
6739540
6739553
6743674
6744067
6744482
6744532
6745146
6747444
6747747
6748086
6748335
6748533
6749516
6750916
6751561
6751931
6753192
6753712
6754071
6754857
6754898
6755315
6755397
6755507
6756165
6756182
6756988
6757636
6759362
6759642
6759742
6760084
6762642
6763553
6763883
6764110
6765341
6766521
6766829
6768249
6769384
6771199
6771528
6771590
6774299
6775351
6775872
6776515
6777591
6777846
6778224
6778281
6778300
6779222
6781110
6781111
6781458
6782385
6782680
6782834
6784210
6788741
6790078
6791657
6791669
6793774
6794649
6794662
6795150
6795376
6795502
6795792
6799449
6800772
6801153
6801413
6801508
6801629
6802186
6803013
6803346
6803584
6804020
6804261
6804651
6805762
6805770
6806120
6807292
6807436
6808183
6808982
6811110
6811376
6812715
6813706
6813920
6814097
6814314
6815286
6818316
6820707
6821600
6821658
6821961
6823749
6824417
6825155
6825343
6825665
6826174
6827503
6828218
6830577
6831117
6831902
6832236
6833431
6834046
6834294
6835086
6836341
6837522
6838440
6840317
6840563
6841033
6844084
6844217
6844730
6845146
6846762
6849658
6849777
6849875
6850072
6852570
6852928
6854632
6854769
6855068
6855715
6855776
6856460
6856685
6857529
6859683
6859873
6861169
6861209
6862327
6862832
6864775
6865907
6866098
6866709
6867352
6867952
6869354
6869563
6871472
6872290
6872914
6873306
6875600
6876603
6879584
6881854
6882682
6882886
6885716
6886014
6887027
6887509
6888578
6888679
6889173
6891168
6891355
6892533
6894312
6894605
6896294
6896797
6896989
6897725
6897894
6899160
6899608
6899756
6901001
6902897
6903610
6904237
6904999
6905772
6905928
6906100
6906147
6906291
6906749
6907994
6908814
6909176
6909254
6910173
6910218
6911558
6914650
6915593
6920999
6921868
6924190
6924321
6925594
6925616
6925768
6926234
6926615
6927913
6928028
6928125
6929046
6929657
6931205
6931587
6933208
6936405
6937069
6937580
6938131
6939668
6940397
6940823
6940829
6942149
6942495
6942720
6942735
6943894
6944367
6945300
6947576
6948206
6949350
6950470
6950588
6954746
6957040
6958081
6958868
6960018
6960495
6960775
6961630
6964596
6966208
6966431
6966646
6968432
6968655
6969506
6970008
6971009
6971558
6972689
6973039
6973225
6974485
6975486
6975685
6975879
6976061
6979648
6980082
6981848
6982104
6982106
6984314
6987215
6988069
6989192
6989772
6993349
6994940
6996173
6997264
6997808
7000404
7001982
7004038
7004734
7005716
7005844
7007438
7007596
7008970
7010974
7010995
7011565
7014945
7017747
7018936
7020493
7021107
7021118
7021778
7022539
7023885
7025834
7026544
7026607
7029899
7030646
7031047
7031258
7032231
7033030
7033158
7033569
7034453
7035264
7036741
7037441
7037634
7038351
7038557
7039569
7039849
7040016
7040576
7041838
7043252
7043309
7047609
7047944
7047998
7050081
7051894
7052298
7052430
7053201
7053268
7053449
7053738
7053767
7054037
7057251
7059698
7060097
7060525
7062633
7065705
7065751
7066583
7066643
7067201
7068304
7069360
7070104
7070474
7071215
7072004
7072279
7073644
7073649
7073959
7074099
7074404
7077356
7077933
7078444
7078520
7078628
7078900
7079996
7081209
7081226
7082091
7085318
7087307
7087323
7087497
7087641
7088623
7088658
7088920
7089399
7090365
7090549
7090936
7091848
7093011
7093040
7093175
7093588
7093826
7094008
7094032
7095071
7095278
7095935
7096073
7096080
7096213
7096981
7097688
7098562
7099019
7099710
7100370
7100776
7101290
7101734
7102368
7103930
7104034
7106416
7106459
7107945
7108168
7109544
7110670
7112582
7113243
7113302
7113663
7114110
7115087
7115651
7116134
7116665
7117471
7118000
7118056
7118422
7119051
7119325
7120307
7120710
7121210
7121457
7121576
7121799
7121827
7122001
7123965
7124548
7127030
7127343
7127815
7129185
7130518
7131975
7132693
7133023
7134090
7134459
7136996
7143599
7143871
7144399
7145613
7146956
7148346
7149022
7149306
7153878
7154256
7156266
7157645
7157794
7158446
7158552
7159173
7159601
7159642
7160598
7163562
7163993
7164010
7164465
7164739
7165082
7165440
7166419
7166680
7166943
7167913
7168606
7171171
7171488
7172663
7173289
7174740
7175045
7175202
7175258
7175439
7175985
7176755
7176805
7176876
7178458
7180911
7182259
7183395
7183465
7183754
7185091
7185627
7186090
7187129
7189290
7194572
7194586
7194658
7195630
7196166
7196242
7197538
7197914
7200661
7201241
7201701
7203999
7208170
7208567
7209951
7210588
7211665
7211984
7212546
7213603
7214616
7214917
7216770
7219546
7220546
7220873
7222251
7223574
7223888
7226637
7227476
7227581
7229289
7229335
7229881
7229929
7230514
7230564
7231296
7231612
7232071
7233751
7233824
7234018
7234145
7234266
7234615
7234980
7235420
7235821
7239235
7239802
7240597
7241451
7245730
7247308
7247751
7248589
7250968
7251176
7251498
7251611
7252504
7253544
7253636
7253684
7253963
7254776
7257941
7258982
7259041
7260400
7261228
7262699
7263236
7265479
7267168
7267214
7267445
7267769
7268139
7269632
7270558
7270766
7271477
7272146
7272282
7272406
7272956
7273918
7274878
7277009
7277010
7277891
7278345
7282287
7284516
7284629
7285544
7286519
7287263
7288123
7288176
7288840
7289495
7289859
7291283
7292280
7294465
7295809
7295839
7296535
7298010
7298922
7298967
7299261
7301257
7301521
7301985
7302239
7303430
7304319
7305704
7306122
7306136
7307267
7308702
7309623
7310310
7310530
7310680
7312555
7313716
7314419
7316034
7317095
7317579
7318210
7319131
7319562
7320504
7321079
7323700
7323928
7324214
7324535
7325237
7325830
7326903
7326971
7327983
7328512
7328840
7329573
7329666
7329743
7330800
7332326
7332495
7332588
7333254
7334068
7334127
7335812
7336369
7337349
7337843
7339596
7341263
7342938
7343048
7344192
7344458
7345148
7345731
7345732
7348461
7350105
7351074
7352631
7352858
7352947
7354524
7354716
7354776
7355680
7358476
7361149
7361178
7362682
7362898
7365835
7366523
7369027
7375010
7376058
7378410
7378539
7378831
7381282
7381462
7382302
7382700
7382868
7385584
7385748
7385905
7386718
7389033
7389125
7389542
7390450
7391520
7392016
7392912
7393298
7393304
7394164
7394247
7394402
7394614
7396374
7399771
7399807
7400856
7401048
7401900
7402131
7402246
7402402
7403054
7403299
7404537
7404795
7405993
7406939
7408389
7408420
7408685
7409020
7409216
7414191
7415266
7416279
7416745
7421213
7423165
7423350
7423593
7425408
7425547
7426637
7428358
7432302
7433194
7433340
7434396
7434473
7434930
7435443
7435454
7435736
7437308
7437569
7437755
7438174
7440318
7440476
7440571
7442188
7443255
7443555
7443831
7444584
7444786
7444970
7445272
7445404
7445559
7447563
7447860
7448933
7449833
7451270
7451693
7452000
7452038
7452704
7453897
7456980
7457745
7457890
7458946
7459033
7459299
7459482
7459836
7459848
7462020
7462493
7463403
7464078
7464365
7464509
7464616
7465932
7466655
7467692
7468219
7470028
7470090
7470790
7472326
7472556
7473080
7474271
7476429
7476561
7477127
7477374
7479247
7479579
7479622
7480632
7480658
7481592
7482752
7483484
7484290
7484352
7486513
7488605
7488635
7488760
7488927
7489542
7489862
7490868
7492392
7493092
7494169
7495848
7496929
7497673
7497705
7498600
7501913
7503309
7503336
7503775
7504509
7506905
7507158
7507254
7510247
7510279
7511790
7511844
7512001
7512240
7513963
7514111
7514522
7515504
7515509
7516678
7518527
7520676
7520680
7521516
7524436
7524847
7525879
7526327
7526623
7528087
7529228
7529905
7531064
7532020
7532622
7533578
7535061
7535196
7535254
7535894
7536811
7537740
7537760
7539162
7540288
7542142
7542413
7542607
7542987
7543394
7543963
7546979
7547935
7548027
7548127
7548917
7549162
7549757
7550196
7550343
7552864
7553184
7553481
7553888
7554547
7555388
7557003
7558169
7558794
7559291
7560345
7560412
7560690
7561533
7562589
7562638
7564354
7564442
7566066
7566194
7566397
7567071
7568846
7569131
7569303
7569306
7569392
7570466
7570536
7570571
7572025
7572102
7572851
7573126
7574525
7575035
7575037
7577460
7577512
7577613
7578910
7580342
7580956
7582136
7582562
7584302
7585810
7586032
7587651
7588554
7588825
7589280
7591941
7592289
7592913
7595312
7595651
7595946
7596259
7596773
7596983
7597231
7598080
7599206
7599412
7599661
7601271
7603373
7603570
7603593
7609193
7611266
7612799
7612919
7613022
7614896
7616167
7617350
7617557
7619810
7620717
7621012
7621057
7621970
7622669
7623462
7623483
7625006
7627550
7627611
7629521
7629710
7630230
7630242
7631689
7631727
7631760
7631985
7632450
7634680
7635509
7636635
7638560
7640366
7642588
7643316
7643792
7646564
7648077
7649240
7649512
7649648
7650507
7650983
7652059
7652461
7654163
7654209
7655369
7656218
7658722
7659294
7659435
7660128
7661537
7661722
7663889
7666359
7667245
7668164
7668702
7668809
7669477
7669696
7671291
7671352
7671591
7671687
7671999
7674931
7676659
7676944
7677543
7678823
7679270
7679510
7679513
7679691
7679904
7680444
7683021
7684334
7684443
7687688
7688805
7688826
7692496
7692812
7694942
7695278
7696871
7697572
7698521
7700152
7702487
7702642
7703786
7704464
7704644
7704979
7705062
7705236
7707665
7708088
7708714
7711529
7712412
7713576
7714260
7717160
7717359
7717751
7718661
7718707
7719312
7719360
7719582
7719615
7720759
7721443
7722304
7723911
7725666
7728539
7728630
7729022
7729937
7730280
7731005
7731087
7733523
7734511
7735098
7735429
7736161
7736351
7738286
7738294
7738834
7739081
7741120
7742147
7742420
7743107
7744326
7744821
7744848
7744890
7744973
7745035
7745451
7747209
7747300
7748227
7748861
7750008
7751694
7752829
7754395
7754414
7755424
7755584
7756065
7757272
7758090
7758354
7759614
7760446
7760446
7760531
7760635
7761283
7764333
7764615
7765518
7765590
7768419
7769350
7769582
7770060
7770207
7771159
7772177
7772394
7772445
7773861
7776404
7776571
7777522
7779541
7779622
7780147
7780361
7781324
7781591
7782813
7783314
7783500
7784250
7785445
7786199
7790170
7790749
7792053
7792559
7792953
7793525
7795271
7795734
7795778
7795796
7795955
7797624
7798510
7801115
7802483
7803207
7803538
7803833
7805065
7805360
7809832
7809848
7810667
7811732
7813216
7813565
7815055
7815255
7816049
7816057
7816551
7817337
7817593
7818769
7824075
7824264
7824425
7824699
7825372
7825543
7825918
7826600
7826611
7827372
7827460
7829054
7830021
7831488
7832955
7836675
7837166
7838084
7838679
7839100
7840454
7840828
7843075
7843835
7844279
7846715
7847973
7848087
7848685
7850656
7850955
7851537
7852257
7853152
7853516
7854168
7854774
7854951
7858339
7859341
7861889
7863514
7864362
7866298
7867325
7867477
7869500
7870664
7871946
7872841
7874455
7875106
7875295
7875764
7876937
7877181
7877630
7878702
7878787
7879079
7880253
7881164
7883798
7887051
7887076
7891215
7891333
7891369
7893923
7894363
7894530
7896509
7897476
7898096
7898124
7899020
7900124
7900357
7900776
7901075
7901338
7903298
7903675
7906463
7906511
7906552
7906772
7907282
7908227
7908361
7910352
7910612
7915263
7916744
7916821
7916906
7916913
7917499
7917731
7918221
7918961
7919697
7920602
7921644
7921874
7923052
7923172
7926055
7926067
7930410
7930570
7930728
7930938
7931163
7932721
7933479
7933593
7934662
7935609
7937469
7938718
7939673
7941149
7944333
7946117
7947757
7948877
7950764
7951160
7951615
7952358
7954794
7955316
7959255
7959534
7962574
7964517
7965734
7968029
7969699
7970819
7973183
7975342
7976554
7976837
7977303
7979245
7980757
7981166
7981696
7982774
7982781
7983302
7984834
7985972
7986496
7987431
7987778
7987893
7988371
7993080
7993841
7994880
7995112
7996751
7996809
7997108
7997576
7997874
7999142
8000030
8000300
8001293
8002373
8003963
8005436
8005553
8006119
8007246
8008295
8011615
8012114
8012328
8013006
8015136
8015600
8017349
8017391
8019031
8019170
8020684
8021470
8023428
8024946
8025508
8027413
8028570
8028629
8030046
8031628
8033093
8035269
8035991
8036819
8037735
8038170
8038974
8040835
8044786
8045077
8047684
8048108
8049057
8049754
8050840
8052178
8052234
8054435
8054494
8054741
8055203
8055756
8056145
8057032
8058059
8058267
8058530
8058899
8059771
8060822
8061244
8061780
8064536
8068415
8068421
8072226
8073311
8073978
8074273
8075653
8075999
8076713
8077008
8077226
8077504
8080949
8081306
8081904
8082341
8082447
8083604
8083831
8083920
8084018
8084099
8084217
8085213
8085452
8085597
8086224
8087855
8088497
8088931
8089122
8089732
8089967
8091303
8092082
8092588
8092994
8095223
8095840
8097374
8098025
8098063
8098320
8100501
8102096
8106131
8106954
8107185
8110318
8110794
8111503
8111705
8111891
8112233
8114737
8117526
8119722
8120181
8122065
8122760
8123527
8123996
8124444
8125104
8125599
8125666
8126926
8127841
8128377
8128479
8128613
8130875
8132136
8132532
8132783
8133594
8134013
8135606
8136160
8136931
8137234
8137812
8139677
8140954
8141678
8142246
8142550
8143009
8143430
8143526
8147269
8147794
8148463
8148863
8149460
8151959
8154231
8154739
8155435
8155576
8156759
8157455
8157735
8158022
8158055
8159235
8160679
8161226
8165493
8165673
8168142
8170557
8171407
8172496
8174239
8175307
8176531
8182753
8183639
8184210
8185011
8187093
8187131
8187374
8187749
8188166
8190218
8190256
8190789
8190962
8191063
8191906
8195113
8199117
8200419
8200925
8202746
8203121
8203258
8204510
8205217
8205289
8206078
8207088
8208734
8208991
8209119
8210025
8210405
8211209
8211273
8211507
8215360
8216968
8217457
8218030
8218273
8220562
8221044
8221191
8221400
8223014
8223618
8225934
8227462
8227909
8228334
8231485
8231911
8232327
8233334
8233743
8233880
8234423
8234470
8234617
8234912
8235571
8237458
8239919
8242216
8242288
8242403
8243249
8244046
8244407
8244738
8244767
8245390
8246109
8246312
8247405
8247820
8248572
8251503
8252362
8254610
8255234
8255327
8262166
8262463
8262786
8263427
8263442
8263873
8266377
8267253
8267541
8267559
8267798
8270212
8270267
8270856
8272160
8272224
8272818
8273240
8274054
8275801
8277474
8278777
8279115
8279892
8280003
8280355
8281276
8281797
8282116
8282589
8284800
8284982
8285497
8285827
8285977
8287562
8288333
8289477
8290634
8290984
8291103
8291113
8292120
8294448
8295569
8296264
8296323
8296623
8296988
8297437
8298084
8298291
8298798
8298833
8299441
8300365
8300482
8300605
8300677
8301048
8302354
8304436
8305071
8305714
8305736
8307089
8307620
8310337
8310500
8310588
8311962
8312116
8313551
8314212
8317693
8318503
8318918
8319315
8320013
8321453
8321955
8322882
8326058
8326948
8326985
8327286
8329868
8330068
8333736
8336116
8339363
8339618
8340388
8343070
8345222
8347005
8348461
8349422
8352990
8353723
8354148
8355246
8356198
8356216
8357876
8361283
8361744
8361930
8363658
8363761
8363915
8364069
8365597
8367177
8369346
8370563
8372337
8372742
8374600
8374665
8374756
8374893
8375952
8376286
8378010
8378189
8378402
8378843
8379708
8380832
8382034
8382907
8382987
8384944
8385091
8385816
8386590
8386842
8387604
8387769
8387931
8389263
8389387
8390816
8394467
8395948
8396144
8397722
8398274
8398438
8399774
8400440
8402761
8402867
8403496
8403721
8404006
8404794
8405319
8406383
8406682
8407681
8408096
8408684
8410502
8412272
8413483
8413849
8414213
8414856
8416749
8423647
8423973
8424182
8424840
8425106
8425164
8425410
8425674
8428265
8428651
8428725
8429224
8429298
8429481
8429726
8432000
8432940
8433155
8435034
8435142
8436368
8436572
8439377
8440533
8441400
8441458
8443029
8443039
8443230
8447035
8447891
8448228
8448980
8450094
8450357
8450562
8450939
8451028
8451986
8452608
8453084
8453535
8453997
8454480
8454498
8455443
8456413
8456597
8456789
8457235
8457241
8457445
8458356
8458810
8458897
8459396
8461827
8463414
8464030
8464720
8465429
8465792
8466060
8466558
8467694
8468168
8468361
8471521
8471755
8471771
8472558
8472660
8473246
8473723
8474892
8477307
8477517
8477920
8477953
8478387
8479815
8481624
8482033
8482140
8482522
8482908
8483866
8484385
8487108
8488034
8489560
8489713
8490534
8491192
8492122
8493904
8493951
8494015
8495096
8495242
8495301
8495313
8495574
8496737
8497977
8498499
8498591
8498823
8500350
8500789
8501013
8501549
8501776
8503528
8504136
8504477
8506299
8506313
8507667
8508686
8509833
8510010
8510391
8511367
8511847
8512265
8513860
8513945
8514209
8514926
8515889
8518467
8519728
8521018
8521476
8522510
8522940
8523576
8523784
8525249
8525676
8526285
8528048
8531973
8532864
8538797
8538821
8540916
8542047
8542111
8542855
8543635
8544543
8544669
8544922
8546435
8546472
8546713
8546919
8547041
8548094
8549616
8549681
8550519
8551220
8551404
8552282
8552495
8552663
8553313
8555085
8556206
8557005
8559247
8560192
8561043
8563829
8564639
8567051
8567780
8568597
8569148
8569397
8570413
8571471
8574654
8576147
8577301
8582338
8584517
8585144
8586871
8588177
8588659
8590699
8590916
8591368
8591420
8593503
8594344
8594553
8596184
8597571
8599676
8600896
8601040
8601530
8601585
8602726
8605417
8606294
8606975
8608083
8608140
8608771
8609097
8609516
8609669
8610109
8611337
8611661
8612365
8612472
8612548
8612620
8613014
8614376
8615375
8615717
8616076
8616349
8618091
8618652
8619007
8619096
8619565
8620365
8621931
8622166
8622332
8623451
8626990
8627980
8628423
8630163
8630810
8632155
8634637
8635022
8638229
8638928
8643333
8649217
8649245
8651796
8653275
8654047
8654844
8654931
8655242
8655937
8656485
8658509
8658711
8659801
8659925
8661384
8662465
8664566
8666499
8666773
8667661
8669018
8670302
8670576
8671764
8673478
8673643
8673654
8674056
8677579
8678278
8681312
8682374
8685916
8686324
8686340
8688052
8690626
8690933
8691541
8691652
8692136
8693960
8694356
8694417
8697495
8698762
8700016
8701193
8701992
8702216
8702855
8702987
8703200
8705018
8706106
8707049
8708006
8708135
8708472
8709727
8710147
8711794
8711861
8712714
8713929
8714598
8715000
8716980
8717006
8717453
8717633
8718458
8718473
8718590
8719318
8719626
8719681
8719889
8720828
8721219
8721620
8723169
8724226
8725836
8725947
8726928
8727525
8730248
8730398
8731166
8731775
8731905
8732820
8733255
8733323
8733711
8737156
8737899
8739134
8739849
8742134
8742152
8742221
8742860
8743488
8743832
8745032
8745270
8745493
8746278
8746929
8747544
8748545
8749341
8749894
8750071
8750449
8751397
8751895
8752191
8754743
8755192
8755667
8756187
8757013
8757150
8758159
8758682
8759902
8760428
8761256
8761417
8762479
8762835
8763504
8766469
8767911
8769545
8771813
8771864
8772906
8773210
8775836
8777453
8778312
8780526
8781794
8782060
8782080
8782634
8782752
8784360
8784870
8785580
8785962
8787125
8789273
8789410
8789754
8790148
8790232
8791122
8791743
8792008
8793491
8794443
8795099
8795429
8797240
8798253
8800136
8800432
8800628
8800837
8801104
8802060
8802387
8802577
8802754
8805130
8805378
8805827
8805906
8806203
8806251
8806309
8807719
8808624
8808640
8808647
8809528
8811888
8813133
8813376
8814389
8816886
8819073
8822532
8822844
8823285
8823297
8823388
8823675
8823926
8825654
8825780
8825914
8826283
8826684
8826862
8829400
8829642
8830205
8830642
8831035
8831755
8831877
8833382
8835336
8835641
8836434
8836858
8837540
8837806
8840089
8840485
8840612
8841369
8842039
8843667
8844210
8844952
8845131
8845902
8846195
8847809
8848656
8850538
8850869
8853931
8854185
8858771
8858997
8859635
8859754
8860004
8860316
8861645
8863418
8863681
8864011
8864786
8867350
8870001
8870101
8872494
8872848
8874154
8876478
8881153
8881756
8883816
8883925
8884102
8884474
8887221
8893548
8894109
8894306
8894862
8895543
8895569
8897361
8897866
8898913
8900597
8901906
8904295
8904623
8904707
8904734
8905929
8906046
8907143
8908902
8909187
8909567
8912157
8913067
8913512
8917553
8917581
8918328
8918595
8919680
8921363
8923058
8924143
8924600
8925178
8925187
8925298
8925691
8925817
8926076
8928333
8928549
8929467
8930570
8931523
8932065
8933453
8933468
8933932
8934479
8935448
8935640
8937137
8937347
8937566
8937813
8938200
8938326
8939448
8940220
8941486
8942084
8942260
8945399
8946378
8947104
8951852
8954315
8959667
8960861
8960886
8961770
8962240
8962619
8963129
8963375
8966032
8966837
8967468
8968163
8968939
8969603
8970044
8970113
8970133
8970456
8970479
8971142
8971457
8972794
8972931
8973044
8973325
8975211
8975284
8975347
8977390
8977671
8978588
8978764
8979111
8979245
8979524
8980545
8980918
8982568
8983162
8983471
8984380
8984711
8985087
8988030
8989509
8989776
8990116
8990118
8990745
8991254
8991600
8992300
8993000
8993957
8994319
8996279
8996923
8997267
8997688
8997863
8999016
8999223
8999654
9000527
9000573
9000629
9001732
9002041
9002123
9002475
9003260
9003402
9003778
9005069
9005574
9005701
9007231
9007518
9008697
9009057
9009210
9009340
9010292
9010654
9010942
9011488
9011571
9012580
9012647
9012901
9012968
9013145
9013671
9014527
9015436
9019161
9019501
9020376
9020884
9022297
9022382
9023180
9023280
9024849
9025394
9028151
9029282
9031015
9032986
9035028
9036889
9037198
9038157
9038582
9038899
9040288
9040540
9042531
9043459
9043711
9043756
9044191
9044638
9047245
9048736
9049015
9049602
9051725
9052430
9053306
9053810
9055747
9056237
9057861
9058546
9058955
9059247
9060328
9061936
9063359
9064542
9065511
9065709
9067018
9070677
9071653
9072603
9076525
9076714
9077610
9078644
9080103
9080732
9081268
9082392
9082713
9083002
9084004
9084136
9086163
9086618
9086961
9087252
9087301
9090887
9090939
9091315
9093972
9094098
9094364
9094567
9095490
9095692
9097678
9099511
9099616
9099752
9100204
9100205
9100842
9101132
9101230
9102684
9103587
9103935
9104389
9108361
9109066
9110544
9110673
9110887
9111571
9112273
9112618
9112951
9113261
9114866
9116012
9118015
9118429
9119502
9119789
9120763
9120815
9121081
9121155
9121496
9122160
9122173
9124685
9124894
9127697
9128274
9128981
9129218
9129777
9130124
9132372
9132893
9134579
9134647
9134980
9135492
9135964
9136386
9136465
9136803
9137333
9138932
9139386
9140751
9140798
9140876
9141966
9142486
9142894
9143751
9145039
9145324
9147013
9147031
9147988
9148157
9149260
9150099
9150252
9150464
9150634
9152239
9153181
9153224
9153729
9153811
9154620
9155881
9156356
9157022
9158859
9159879
9160588
9160906
9161952
9165164
9165493
9168669
9169442
9172302
9173862
9175174
9175462
9175573
9176189
9178046
9179113
9180042
9182422
9182871
9184154
9185443
9185879
9186473
9186674
9188487
9188912
9190108
9190164
9191262
9191373
9195686
9196241
9196459
9197688
9197815
9197990
9198147
9200231
9200381
9201859
9202398
9206221
9207004
9207071
9208487
9211963
9213041
9213080
9213313
9214209
9216336
9216812
9217114
9218170
9218378
9219090
9219115
9220850
9220926
9221211
9222293
9222703
9224231
9226037
9226873
9227121
9227373
9227769
9228203
9228346
9229018
9230211
9230714
9232755
9233433
9234852
9236610
9237860
9238539
9238698
9241139
9241215
9241316
9241627
9243629
9244689
9245374
9246037
9248922
9249031
9249167
9249671
9249940
9252176
9255196
9255941
9257307
9257409
9258066
9258286
9261139
9261868
9263960
9264200
9265176
9265621
9266201
9267876
9267901
9269269
9272083
9273037
9273293
9274534
9275091
9275594
9275700
9275835
9277212
9278319
9280221
9282003
9282719
9285571
9285703
9286112
9287176
9287388
9287723
9289704
9289739
9290761
9291111
9291303
9291406
9291466
9291716
9293061
9294450
9295289
9295522
9296472
9300447
9301196
9301765
9301767
9303443
9303509
9303810
9303845
9304837
9305826
9305932
9305946
9306548
9309443
9309724
9311106
9311211
9312015
9313637
9313812
9314013
9315128
9316512
9316818
9318860
9320328
9321175
9322804
9323256
9323436
9324739
9326405
9328098
9328119
9329155
9329964
9330517
9330677
9330723
9331006
9331007
9331098
9331326
9331393
9331912
9332311
9332486
9334717
9334892
9335602
9336234
9337168
9337491
9337546
9337635
9337808
9338470
9338572
9339030
9339079
9339462
9340859
9340869
9341077
9343424
9345588
9345638
9345949
9347295
9347920
9348205
9348939
9349585
9350043
9353312
9354086
9357969
9358619
9359465
9360439
9360755
9363215
9364225
9365045
9365557
9365679
9366278
9366305
9366434
9368135
9368211
9369418
9370167
9373027
9373341
9374057
9374813
9374986
9376067
9376843
9377374
9377428
9377664
9378063
9378326
9380091
9381247
9381936
9382685
9383108
9384483
9386388
9386539
9386565
9386587
9388511
9388748
9389154
9389770
9390407
9392643
9392672
9392737
9393268
9394614
9394993
9395911
9397294
9399072
9399481
9399750
9400024
9400804
9401157
9401169
9401690
9402173
9402782
9403163
9403509
9403553
9404444
9404807
9404845
9405699
9407125
9407529
9407987
9409249
9409545
9410005
9410744
9411296
9411531
9411728
9412695
9412707
9413272
9414088
9414870
9414967
9415504
9415736
9416829
9417458
9417755
9420534
9420872
9421095
9421446
9422762
9424029
9424554
9424704
9424992
9425041
9426751
9426853
9428375
9429438
9430959
9431192
9431412
9434584
9435489
9435883
9436678
9438468
9438708
9439449
9440011
9440014
9441579
9442259
9442399
9442713
9445257
9451872
9453564
9454618
9454687
9455379
9455840
9456410
9456838
9456848
9457514
9458115
9458411
9458433
9459366
9459915
9459937
9460402
9462033
9464391
9464687
9465628
9465919
9466191
9466413
9468433
9469011
9469548
9471110
9473129
9474084
9475092
9475587
9475592
9475766
9476444
9476447
9476711
9477221
9478449
9478468
9480347
9482225
9483305
9483598
9484671
9485559
9485774
9486014
9486952
9488648
9489117
9490604
9492752
9492973
9493084
9493730
9494060
9494539
9494628
9495438
9495766
9496088
9497455
9499397
9501419
9502268
9502505
9502580
9503739
9504070
9504157
9504209
9504354
9506348
9509371
9511837
9511954
9513464
9515560
9516182
9516622
9518720
9518756
9519216
9519955
9520523
9520998
9523670
9526326
9528840
9529195
9530534
9531768
9532019
9534578
9534602
9536074
9538917
9539184
9539543
9540011
9540932
9541008
9542489
9543327
9543373
9543767
9544733
9544837
9546102
9546275
9546421
9548191
9548911
9550070
9550369
9550493
9550961
9551450
9553894
9555122
9557286
9557639
9558759
9558939
9559095
9560514
9560574
9561266
9561955
9562692
9564178
9566045
9566736
9567323
9568725
9568945
9570755
9571586
9572710
9573682
9577380
9577444
9578925
9579141
9579582
9579715
9579920
9580948
9581306
9582591
9583580
9583599
9584071
9586778
9588330
9589007
9589924
9590542
9590848
9591144
9591472
9591960
9593302
9594770
9596471
9598091
9598408
9599100
9599197
9599733
9600735
9602915
9605649
9605868
9605972
9606668
9606686
9606903
9608462
9608857
9610364
9610377
9611910
9612845
9613025
9613889
9617193
9617228
9617470
9617504
9618230
9618618
9619539
9619570
9620713
9621051
9623074
9623117
9624779
9625827
9625829
9626541
9628973
9629379
9630698
9632428
9633466
9634160
9635503
9637189
9637572
9637865
9639356
9640402
9640532
9641687
9642725
9643448
9644160
9644759
9645699
9647539
9648295
9648947
9649582
9649876
9650354
9650625
9651825
9652845
9653844
9653953
9653973
9654524
9654663
9655323
9655667
9656563
9656721
9657507
9657858
9657862
9658888
9659909
9660011
9660121
9661486
9661519
9661727
9661769
9662304
9662762
9663345
9663948
9664958
9665382
9666550
9667016
9667067
9667089
9667421
9667851
9668066
9668276
9669687
9669867
9670610
9671107
9671385
9672781
9674762
9674945
9675030
9676256
9678330
9678399
9679106
9679206
9679756
9680592
9680835
9681014
9681218
9681242
9681545
9681639
9683969
9684065
9684881
9685953
9686498
9687063
9687104
9688425
9688664
9688957
9689215
9689528
9690018
9690639
9692252
9694343
9697065
9697431
9698140
9698289
9699122
9699182
9699539
9700429
9700542
9700610
9700904
9701312
9701318
9701594
9701941
9702317
9702699
9703942
9704423
9704426
9704518
9705648
9705905
9706030
9706103
9706876
9707327
9707751
9708274
9708291
9708603
9709518
9712104
9713507
9714100
9714886
9715923
9716029
9716676
9716854
9717458
9717960
9718350
9718497
9721063
9721363
9722497
9723263
9724016
9724541
9726158
9726545
9727411
9727887
9728271
9729856
9731566
9732429
9732780
9734717
9735702
9736157
9736367
9736692
9737084
9737980
9738092
9744083
9744751
9744968
9746669
9746811
9747135
9747881
9750632
9750926
9751016
9751029
9751195
9751462
9752077
9754851
9754952
9755023
9755851
9755964
9757675
9758229
9758705
9759637
9761323
9762048
9762221
9762583
9762941
9762990
9763185
9764299
9766008
9766751
9767708
9767771
9768747
9769481
9769603
9769888
9770238
9770712
9772211
9773967
9773969
9775340
9775641
9775718
9776387
9776959
9777608
9778358
9779011
9779337
9779473
9779808
9780522
9783046
9783346
9784261
9785019
9785464
9787422
9787816
9789765
9790075
9790424
9794618
9794943
9796526
9796659
9796708
9796879
9797871
9799363
9799788
9800073
9800328
9801081
9802369
9802543
9803935
9805840
9806015
9806497
9811363
9811380
9812872
9815031
9815959
9818004
9820246
9821756
9821962
9822722
9823297
9824420
9824630
9828006
9828071
9828346
9829491
9832342
9833817
9833978
9834701
9835653
9837854
9838215
9841110
9841457
9842212
9843029
9844816
9845186
9845565
9846150
9846156
9846306
9846725
9848215
9848530
9850343
9853737
9853819
9854087
9854285
9857495
9857752
9858617
9859284
9860416
9860760
9863041
9864663
9864793
9865747
9865886
9867393
9867641
9867896
9868678
9872719
9875216
9877100
9877584
9877597
9878518
9880351
9881511
9882979
9883928
9884275
9885184
9886477
9886844
9889573
9894511
9894764
9895233
9896367
9898029
9900213
9900630
9902320
9902347
9903800
9904406
9905238
9905606
9906797
9907286
9908429
9909364
9909767
9910490
9913951
9914272
9915779
9916608
9917385
9918086
9919472
9921709
9923705
9923728
9924236
9924368
9924437
9924541
9924982
9925330
9927049
9928243
9928902
9930381
9930928
9931010
9931376
9932922
9933202
9933821
9933911
9934459
9935732
9936267
9937156
9939669
9940542
9940839
9940886
9941265
9947367
9947636
9948910
9949088
9950129
9950475
9952888
9953012
9955888
9956777
9957781
9958157
9959284
9959357
9960229
9961589
9962537
9962681
9963636
9963911
9964620
9965708
9965910
9966446
9967133
9967681
9970514
9970548
9970952
9972259
9972801
9972981
9973129
9973566
9973911
9976279
9976446
9977287
9978526
9979353
9981598
9982399
9985307
9985415
9985692
9985996
9986539
9987422
9988127
9988380
9989975
9990806
9991522
9992895
9993125
9993194
9993299
9994281
9994726
9996412
9999540
