1068533
1084864
1188766
1264875
1274924
1300923
1396132
1555537
1683906
1745697
1941553
2219331
2306678
2318288
2363606
2368150
2435178
2448181
2728556
2809927
2816419
2978403
2999349
3067260
3074983
3160384
3184545
3239191
3247881
3288535
3324943
3633524
3649578
3730235
3756360
3811312
3961219
3976604
4104439
4232421
4298548
4421424
4537782
4586019
4630628
4785923
4888469
4950257
5083631
5225195
5339705
5411626
5578367
5760435
5974319
6115367
6136775
6299366
6346451
6628303
6752787
6792528
6941142
6974821
7007323
7097083
7255403
7327422
7379570
7480967
7626309
7867694
7874770
7943239
8063754
8085394
8105045
8303603
8508710
8510405
8760718
8785081
8849964
8896264
8904258
8918664
8964119
8966323
8990030
9216311
9220398
9231721
9235554
9250152
9391342
9417994
9475798
9684099
9896995
9964519
