1001843
1003235
1004097
1004815
1005177
1005815
1010078
1011861
1012068
1013181
1013434
1013777
1014001
1014781
1014960
1014969
1016635
1020941
1021014
1022731
1023506
1025365
1026842
1027812
1028147
1028183
1028586
1029165
1029371
1031473
1034236
1034419
1035082
1035633
1035700
1035707
1037434
1038883
1039326
1040047
1040871
1040923
1041372
1041875
1042908
1043334
1043349
1046970
1047242
1047633
1049664
1051778
1052581
1054146
1054311
1054840
1054966
1055066
1055098
1056474
1056573
1057208
1057968
1058016
1059519
1060384
1063109
1063892
1065293
1065973
1065995
1066049
1067113
1067387
1068764
1068941
1069011
1072294
1072414
1072688
1075544
1076330
1077284
1079197
1079336
1079391
1081100
1084575
1088010
1088056
1088190
1088808
1090339
1090592
1092966
1096323
1098508
1099696
1099827
1100479
1101464
1104440
1104746
1105369
1105511
1105569
1105847
1106811
1108173
1110490
1111202
1111439
1111895
1112281
1113574
1114030
1114337
1115134
1116506
1117469
1119050
1122746
1123189
1124974
1126331
1128467
1130824
1131274
1131421
1132195
1132297
1132834
1133320
1133923
1135198
1135663
1136229
1136451
1136708
1137033
1139239
1139468
1139720
1141279
1141593
1142499
1143331
1145422
1145609
1146270
1146614
1146992
1147112
1147773
1149075
1149161
1151578
1152782
1154621
1154729
1154968
1155236
1155546
1155924
1156604
1157462
1158078
1158474
1158490
1159126
1160786
1161294
1161597
1161633
1163533
1163636
1165373
1168566
1168689
1168832
1169636
1170037
1170331
1171182
1171804
1173634
1174618
1174884
1175409
1176020
1176547
1178800
1178950
1179062
1181420
1181641
1182524
1184346
1186740
1189974
1191548
1191822
1192550
1192559
1192579
1193867
1194519
1194530
1195551
1196683
1197286
1198373
1198414
1198647
1199189
1199492
1199826
1200388
1201834
1202239
1202616
1202767
1202812
1203912
1204231
1205348
1205412
1206113
1208007
1208140
1209351
1210000
1210753
1211977
1213484
1213601
1214080
1214390
1215112
1216912
1217073
1218465
1218573
1219129
1220321
1220707
1220780
1222052
1222729
1223833
1224206
1224574
1226990
1227256
1228297
1228446
1229011
1229235
1232434
1232986
1233323
1233325
1234397
1234466
1234713
1235058
1236773
1239006
1241324
1241567
1241652
1242536
1242622
1242652
1243161
1243974
1244730
1245350
1245373
1247217
1247253
1247254
1247484
1248873
1248957
1248986
1249094
1249381
1249532
1250418
1250474
1251860
1253145
1253218
1253315
1255316
1255427
1257894
1258130
1258464
1258702
1261943
1262453
1262780
1263287
1264756
1264880
1264942
1265997
1266041
1267018
1267062
1269334
1269504
1270318
1272658
1272970
1274520
1275545
1276294
1276527
1276528
1276595
1277344
1277742
1278241
1279364
1281963
1282013
1282523
1283811
1288289
1289382
1289423
1289918
1290215
1290413
1290744
1291216
1291256
1291513
1291848
1293559
1294143
1295216
1299707
1302531
1302876
1303025
1304487
1305299
1305330
1305643
1305996
1306254
1306878
1311107
1312240
1313085
1313191
1313386
1313811
1314925
1314970
1314991
1319224
1320305
1321190
1321850
1322773
1323793
1325576
1326441
1326549
1327243
1327521
1328008
1328235
1329696
1332884
1333065
1333145
1334017
1336156
1338299
1338878
1338967
1339230
1339353
1339707
1340195
1340276
1340694
1343124
1343366
1343513
1344061
1344395
1345167
1345913
1347359
1349525
1350399
1350478
1351249
1354510
1356114
1360559
1361032
1362199
1363630
1364008
1364524
1365196
1367611
1369015
1370432
1371270
1372869
1376587
1379340
1379911
1380443
1381362
1382227
1382502
1384487
1384503
1384783
1385951
1387222
1389835
1390109
1390345
1391606
1391807
1392397
1393133
1395742
1396514
1396826
1396931
1399186
1399605
1400219
1400913
1400921
1401637
1404496
1404763
1405090
1406618
1408441
1408535
1411585
1412581
1412674
1413784
1414806
1415047
1415819
1418338
1420191
1420225
1420334
1420752
1421955
1423044
1424190
1424311
1425575
1427516
1427757
1429365
1431013
1431761
1433802
1435353
1435579
1436590
1437162
1438345
1438790
1438866
1439382
1440259
1441165
1442075
1442271
1442512
1443475
1443483
1444841
1445318
1445427
1446961
1447562
1447855
1448117
1448473
1449814
1449895
1450242
1450357
1450976
1451916
1452307
1452647
1453023
1453729
1454645
1456676
1456856
1456858
1457808
1458062
1458737
1460226
1461161
1461649
1463358
1463855
1464466
1464760
1464781
1465405
1466442
1466472
1467915
1468402
1468437
1469336
1469529
1471108
1471559
1471839
1472394
1473105
1473438
1473499
1474024
1475526
1475866
1480542
1482628
1482895
1482953
1484220
1484741
1484793
1485733
1486242
1486552
1486933
1487323
1487360
1488667
1489481
1489928
1490128
1492364
1492705
1492865
1492906
1495447
1499338
1500012
1500028
1500071
1500817
1501147
1501328
1501357
1501444
1501717
1501793
1501858
1501880
1501966
1502846
1503407
1505518
1505732
1507782
1508809
1511848
1513846
1514234
1514618
1515424
1519840
1520694
1521724
1522520
1522663
1522807
1523847
1524237
1524667
1524923
1525722
1526194
1526216
1526371
1526596
1526732
1527961
1528654
1529941
1530312
1531170
1532534
1533030
1534059
1536393
1536618
1537445
1538879
1538987
1539132
1539642
1539982
1540262
1541003
1541351
1542477
1545905
1547041
1547491
1548515
1548644
1548766
1548841
1549895
1550637
1550791
1550949
1550998
1553272
1553734
1555016
1555306
1555531
1555584
1556505
1556757
1556996
1558830
1559058
1561604
1563340
1564925
1564988
1565460
1565890
1569630
1571123
1571317
1573808
1573955
1574210
1574808
1576134
1576206
1576327
1579670
1581158
1581648
1581801
1583036
1583591
1584058
1584500
1585850
1586426
1586710
1587764
1590049
1591248
1591449
1591688
1593398
1594215
1594756
1595721
1595794
1597690
1599862
1601161
1601294
1601443
1602178
1602698
1603038
1605540
1606115
1607046
1608445
1609282
1609485
1609890
1611947
1612153
1612745
1614406
1615448
1615899
1618632
1619373
1620677
1621086
1621359
1622619
1623004
1623237
1624343
1625324
1626177
1626566
1626699
1626754
1627128
1627174
1627258
1631141
1631440
1632642
1632646
1634200
1634398
1634467
1635623
1635941
1635975
1636110
1636780
1638355
1639076
1639168
1642645
1642766
1643310
1644259
1646251
1648278
1651043
1652497
1653212
1653334
1654476
1654948
1655688
1658269
1658487
1658588
1659930
1660331
1660915
1661072
1661411
1661616
1662151
1662283
1662309
1663406
1663936
1664045
1664595
1667760
1668684
1669408
1669547
1671020
1671493
1671622
1671648
1671927
1672055
1674471
1676349
1677178
1677951
1678025
1678232
1679982
1680473
1681431
1681729
1683685
1683822
1684244
1685898
1686259
1687016
1687706
1688093
1688792
1689297
1689760
1690791
1690821
1691986
1692090
1692806
1694661
1695338
1697818
1698187
1699407
1701734
1703043
1703922
1704455
1704616
1705221
1705477
1705685
1706823
1707567
1707701
1709410
1709658
1711117
1712667
1713453
1713803
1714407
1715315
1715919
1717746
1719169
1719679
1720297
1721712
1722756
1723344
1723370
1724034
1725091
1726546
1727696
1729047
1729537
1729886
1730056
1730223
1731039
1731239
1731304
1731599
1732159
1732255
1732774
1732897
1735132
1735629
1735882
1736193
1736646
1737281
1737545
1738306
1739223
1741314
1742655
1744474
1744784
1747301
1748165
1748372
1750662
1751842
1753823
1754272
1754477
1755540
1755952
1756829
1760036
1764866
1765996
1766195
1766666
1767458
1768460
1771132
1772215
1776131
1778784
1779465
1780955
1781532
1783049
1783097
1783431
1784371
1785767
1786879
1787233
1787423
1787701
1789708
1790313
1790930
1791650
1791735
1792498
1794452
1796106
1796119
1798147
1798790
1798848
1801938
1803062
1803486
1808113
1808145
1809539
1809794
1810288
1810787
1811083
1813763
1817717
1820804
1821463
1823863
1824576
1826738
1828930
1831895
1831929
1833392
1833442
1833661
1835132
1836051
1837593
1838353
1839877
1839879
1840766
1840820
1842044
1842100
1843487
1843665
1843892
1844611
1845303
1845632
1846436
1847612
1848806
1849754
1850037
1850168
1850351
1851004
1851882
1852031
1853313
1854796
1855794
1856573
1857664
1858063
1858203
1858206
1860583
1862188
1863483
1864280
1864387
1865424
1865583
1866582
1868453
1869483
1869558
1869656
1873204
1873838
1874570
1874990
1875001
1875345
1875892
1877038
1877948
1878058
1878644
1878687
1879593
1882259
1882273
1882604
1884574
1885422
1887705
1888269
1889307
1889764
1889781
1890158
1890536
1890739
1891285
1893751
1894094
1894127
1895689
1897727
1898567
1900105
1901838
1901988
1902038
1902115
1904228
1906127
1908026
1908437
1908595
1908928
1910082
1910318
1911547
1911796
1912950
1912994
1912999
1913634
1913654
1914161
1914607
1915025
1915781
1916525
1916793
1917264
1917929
1918783
1918920
1921133
1922452
1922616
1922824
1925337
1925394
1925444
1925539
1925942
1926854
1928057
1928389
1928502
1929957
1930700
1931586
1932588
1934211
1934895
1938188
1943643
1943950
1944831
1947706
1949085
1949689
1951762
1954337
1955254
1956496
1956701
1958294
1961779
1962353
1963302
1963600
1964078
1965218
1965547
1965694
1966510
1967761
1968882
1968891
1969568
1969762
1972947
1973450
1974429
1975465
1975813
1977032
1977060
1977449
1977968
1978794
1978845
1980889
1982267
1982789
1982993
1983308
1985744
1985911
1986583
1986837
1989050
1990979
1991441
1993134
1993321
1995235
1995288
1995958
1996533
1996689
1997048
1998905
1999502
2000293
2003569
2004480
2004968
2006331
2008193
2008667
2010513
2011940
2012671
2014614
2016267
2017643
2018349
2018482
2020032
2021249
2021542
2021950
2022554
2022664
2025432
2031850
2032669
2032967
2033364
2033589
2033858
2035046
2035408
2036771
2037423
2038472
2038621
2039852
2041754
2042143
2044074
2045042
2046173
2046599
2048078
2049349
2049510
2049602
2050777
2050875
2051248
2051624
2051708
2054780
2056234
2056358
2057572
2058347
2059391
2059690
2060740
2061697
2062186
2063206
2064632
2066013
2066814
2067165
2067570
2067816
2068043
2068444
2068952
2069373
2072793
2074848
2075287
2076300
2076529
2076555
2076979
2078090
2078247
2079185
2080439
2081434
2082237
2083353
2084832
2085545
2085698
2086615
2086982
2087120
2088427
2088972
2090890
2091458
2091681
2092729
2092992
2093028
2093311
2093370
2093911
2094402
2094436
2097374
2097806
2098197
2098431
2098626
2098768
2100064
2102817
2103322
2104517
2105310
2107155
2107525
2107757
2108391
2110430
2110978
2112443
2113058
2113556
2116104
2121385
2121412
2121605
2121657
2122668
2123004
2123725
2123977
2124162
2124664
2128872
2129227
2129917
2132316
2133157
2133215
2134932
2135040
2135868
2136777
2137433
2137619
2137714
2137737
2137847
2139896
2140045
2141739
2141920
2142324
2142829
2144667
2145122
2145207
2145817
2146837
2147180
2148206
2148555
2148602
2148795
2153227
2153552
2153588
2155209
2155348
2155545
2156611
2157249
2157670
2158711
2158754
2160190
2161061
2161173
2163027
2163131
2164584
2165226
2165377
2168635
2169016
2170125
2170393
2171614
2172086
2173557
2174327
2175419
2175960
2177911
2178765
2180658
2180741
2181666
2181951
2182366
2184323
2185197
2185485
2185805
2186276
2188317
2191073
2191357
2192366
2192912
2195629
2196630
2198015
2201702
2202094
2204715
2205411
2206708
2206711
2209283
2209319
2209589
2209925
2212075
2212507
2212534
2212957
2213305
2214659
2215854
2215873
2216818
2217731
2218355
2218375
2218422
2218813
2219165
2219292
2219783
2222286
2223052
2223682
2225942
2226133
2227015
2228430
2229657
2230501
2232138
2232242
2233164
2235350
2236368
2236783
2237765
2237992
2238021
2242299
2242796
2243252
2243447
2244788
2246141
2246677
2246926
2247664
2249689
2249763
2250234
2251067
2253145
2254397
2255643
2255986
2257043
2257316
2257629
2257752
2259986
2261318
2261876
2264790
2265735
2267907
2270816
2272504
2276013
2277042
2281681
2281937
2282884
2285491
2287434
2288353
2289071
2289094
2290214
2294162
2294471
2294772
2295470
2297957
2299371
2299380
2300034
2300201
2300387
2300772
2301164
2301508
2301592
2302571
2302812
2303919
2304008
2304367
2304910
2307067
2308460
2308585
2308691
2309773
2311008
2311646
2312508
2313104
2313120
2313573
2314959
2319956
2322485
2325818
2326371
2326775
2327126
2327282
2328017
2328866
2331266
2331281
2332527
2332654
2334186
2335368
2335420
2335784
2337050
2337284
2338092
2338654
2338732
2338950
2339290
2339569
2340072
2342488
2342676
2343045
2344508
2347179
2347208
2347305
2348043
2350057
2350948
2351703
2353179
2355526
2355790
2357091
2357140
2357497
2357517
2359501
2359691
2361074
2361496
2361958
2362397
2363032
2364226
2364439
2365734
2367163
2368003
2369067
2369558
2370809
2372216
2372816
2373201
2373332
2373813
2374477
2375501
2376718
2377932
2378217
2379219
2379286
2380144
2380825
2381161
2382422
2383773
2385288
2385905
2387487
2387496
2388960
2391535
2392314
2392395
2392993
2393026
2393145
2398592
2398825
2399252
2402722
2403200
2403481
2404623
2404753
2407151
2407641
2410845
2410913
2410915
2411377
2411552
2411767
2414285
2415254
2416752
2418460
2418533
2418621
2418700
2419144
2419784
2420034
2421079
2426552
2426603
2427321
2430878
2431057
2431432
2433025
2433252
2434330
2437796
2439396
2439702
2440456
2443105
2443106
2446042
2446854
2447482
2448187
2449101
2449177
2449765
2450096
2451178
2451805
2452132
2452712
2453190
2453359
2454029
2454600
2454925
2456723
2457257
2459014
2460627
2460760
2460915
2465081
2468046
2468259
2468620
2469485
2470170
2471562
2471987
2472857
2473813
2474263
2474364
2477199
2477206
2477840
2478465
2478979
2479016
2479086
2479790
2479883
2479956
2480117
2481350
2481849
2482045
2482229
2482442
2483477
2484142
2485339
2485879
2490164
2491026
2491239
2491307
2494281
2494672
2496600
2498259
2498520
2499098
2499212
2500118
2500481
2500483
2500959
2501058
2502707
2505946
2506026
2508236
2508292
2508851
2508930
2509063
2509304
2509665
2511413
2511843
2512227
2512835
2514227
2514962
2517106
2517113
2517145
2517875
2518048
2518931
2519722
2519914
2520046
2520206
2520358
2520644
2522582
2522939
2523145
2523304
2524850
2525067
2525084
2525111
2526254
2526746
2527142
2530752
2534519
2534943
2536636
2537506
2538160
2541597
2544983
2545169
2547001
2547025
2548124
2548839
2549917
2549992
2550750
2551843
2551944
2552220
2552324
2553051
2553727
2554006
2555369
2555565
2557176
2558817
2559753
2560910
2561875
2562258
2565841
2567858
2568083
2571716
2572409
2572557
2572723
2574239
2574545
2577201
2577296
2577433
2577983
2579007
2583382
2583412
2584216
2584790
2585430
2589166
2592212
2592229
2594100
2594612
2595775
2596540
2599063
2601627
2603434
2603691
2603969
2606268
2607713
2608228
2608375
2609135
2612416
2615006
2615639
2616253
2616755
2617943
2619312
2622667
2623158
2623175
2623199
2624685
2625402
2625924
2626941
2627434
2628090
2628247
2628660
2630105
2630200
2631277
2632039
2633304
2633450
2635430
2635527
2636333
2637802
2638113
2638248
2638780
2639386
2643081
2643199
2643836
2645191
2645203
2645667
2646379
2647032
2647681
2647747
2648054
2648514
2648804
2648933
2649239
2649377
2649856
2652196
2652926
2653529
2653938
2654257
2654291
2654840
2654867
2657699
2657986
2658196
2659887
2660460
2661537
2661633
2661978
2665760
2671036
2671251
2672054
2673493
2675280
2676476
2677480
2677493
2679726
2682222
2684938
2686340
2686374
2686955
2686960
2687741
2687792
2688956
2689348
2692435
2693843
2694491
2696645
2697064
2697797
2698417
2699535
2699995
2700045
2701454
2702169
2702305
2702508
2703658
2705145
2705513
2706352
2706796
2706939
2708282
2708592
2708829
2709560
2709897
2710851
2711906
2714329
2714359
2714660
2716787
2717109
2717315
2718219
2718485
2718635
2720628
2721536
2722187
2722356
2723379
2723476
2724526
2724624
2724818
2727105
2728287
2728491
2730058
2730149
2731254
2731857
2733374
2733812
2734188
2734210
2734614
2734793
2735407
2735855
2738236
2739508
2741321
2742335
2742633
2743005
2743473
2743553
2743878
2744496
2744655
2744954
2744983
2747563
2748701
2748838
2750337
2750738
2751368
2751843
2752958
2753192
2753480
2753906
2754010
2755508
2755847
2756668
2756923
2757167
2758279
2758290
2759140
2759588
2761101
2762171
2763083
2765475
2766434
2766517
2767492
2770204
2772385
2772583
2773539
2773754
2775216
2776663
2777575
2777646
2777785
2778344
2779022
2781726
2781812
2782466
2783702
2784331
2786799
2787029
2787081
2788325
2789546
2790827
2792162
2793451
2793696
2794531
2797223
2797952
2798400
2800151
2800629
2802260
2803132
2804258
2805359
2807947
2809756
2810039
2810674
2810783
2811777
2812061
2813241
2813506
2814588
2816107
2817434
2817598
2818223
2818365
2818601
2820441
2822752
2823196
2824465
2824865
2825188
2825215
2825483
2827636
2827770
2828171
2828661
2828901
2829467
2829515
2829933
2830365
2830635
2831103
2833694
2834126
2834325
2834337
2835618
2839286
2844958
2845678
2846478
2848487
2848828
2849107
2849783
2850322
2852016
2854025
2855469
2856702
2857091
2857926
2859851
2860478
2860710
2862077
2862652
2863923
2864016
2864690
2865278
2866747
2868298
2869443
2872296
2872299
2873336
2873964
2874169
2874281
2874946
2879109
2880668
2880893
2881293
2881717
2884471
2886170
2886398
2886429
2888792
2890443
2891498
2892121
2892674
2893686
2894988
2895022
2897309
2899511
2901051
2902562
2903421
2903897
2903912
2904520
2904649
2904774
2905352
2906180
2908478
2908562
2908616
2908950
2909419
2909958
2910094
2910528
2913760
2914726
2915781
2917036
2918121
2921809
2922654
2923962
2925384
2926003
2926366
2927773
2928806
2929167
2929489
2930475
2930482
2930670
2930946
2931153
2931486
2931963
2933946
2937682
2937717
2937879
2938614
2939308
2939373
2939637
2940287
2940390
2940950
2940975
2941007
2942653
2943463
2943830
2944135
2945471
2948316
2949375
2952253
2952406
2952429
2953196
2953681
2954704
2958004
2959521
2960206
2961065
2961170
2963031
2964919
2965034
2966611
2967604
2967705
2969268
2969681
2969824
2969838
2970147
2971393
2971862
2973387
2974141
2976002
2977555
2977805
2980496
2981691
2981771
2981824
2982142
2982221
2982288
2983142
2984009
2984096
2986094
2990289
2990971
2991020
2991738
2992434
2993314
2993966
2994404
2994864
2994972
2996302
2996520
2996757
2999126
3000162
3000916
3001845
3002790
3004828
3005698
3006146
3006298
3006584
3007358
3008263
3010186
3010202
3011410
3012572
3014900
3014912
3014935
3015526
3015998
3020551
3021028
3022065
3022455
3023299
3023383
3023525
3023898
3024945
3025045
3026122
3026145
3027233
3027829
3028708
3029504
3031770
3032598
3032843
3034724
3036572
3036840
3037385
3037912
3038280
3040822
3043087
3043900
3045297
3046885
3047250
3047291
3048326
3048348
3048501
3048623
3048659
3049182
3049363
3051343
3052791
3054547
3056548
3061156
3063440
3065863
3066893
3068323
3068346
3068520
3068655
3069716
3070027
3070382
3070849
3072962
3074361
3074668
3076243
3077016
3078110
3078759
3079269
3079986
3080647
3080676
3083148
3084576
3085651
3086681
3086734
3086762
3087789
3088140
3090111
3090539
3090870
3090973
3093302
3095057
3096422
3096532
3097321
3097637
3097729
3098028
3099084
3099224
3103588
3104175
3104211
3104279
3104893
3105261
3107637
3108688
3110696
3113299
3113483
3114030
3114169
3116137
3117210
3117278
3117493
3117842
3119604
3119950
3121092
3122131
3122201
3122911
3123774
3124346
3126145
3126956
3127451
3127912
3128241
3130033
3133450
3133742
3135402
3135448
3135601
3138088
3140374
3140613
3143041
3144627
3144889
3145969
3146881
3147137
3148346
3151416
3151758
3152482
3153428
3154008
3154233
3155139
3156226
3156401
3158710
3158947
3159469
3162164
3162537
3162659
3162767
3164693
3166215
3167244
3167546
3168406
3169678
3172186
3176966
3176970
3177984
3178695
3179224
3179874
3180213
3181289
3182871
3182873
3183230
3183669
3184040
3185456
3186022
3188120
3188996
3189758
3189974
3190270
3192106
3196172
3197348
3197879
3198147
3198196
3198201
3199263
3201154
3201253
3204387
3205386
3205829
3206753
3208549
3209017
3210312
3210681
3212492
3212524
3213097
3213110
3213700
3214098
3214386
3214632
3215062
3215178
3215211
3215274
3216402
3217313
3218123
3218843
3219195
3220093
3220284
3221616
3221904
3222274
3223354
3225219
3225390
3226429
3228743
3230283
3231327
3233343
3233509
3234339
3234354
3235252
3235427
3238167
3238580
3239121
3239987
3240324
3241090
3241798
3243888
3245223
3245533
3245870
3246333
3249169
3249511
3250278
3251621
3251958
3252285
3253464
3254238
3254515
3254869
3255309
3258854
3261853
3263559
3267316
3267714
3268749
3270098
3271192
3271506
3272601
3273982
3274637
3275316
3277148
3278096
3278331
3278784
3278979
3279028
3279071
3280442
3280933
3282388
3286939
3288114
3290102
3293346
3294903
3295384
3295692
3296205
3296527
3297109
3299557
3300011
3300130
3300566
3300570
3301468
3301594
3302848
3302955
3303486
3304054
3304417
3304503
3307707
3308156
3308586
3309799
3310411
3312664
3313562
3314662
3314742
3314745
3315729
3315998
3318302
3318479
3320713
3322159
3322324
3322380
3323448
3323676
3323877
3324413
3324654
3325518
3325805
3326169
3326316
3327392
3327459
3329417
3330756
3331555
3332395
3332427
3333082
3334062
3334535
3334765
3336275
3336571
3338119
3338162
3339650
3339657
3341097
3341484
3341833
3342272
3342444
3345289
3345961
3346001
3347552
3348640
3349434
3349706
3352338
3352392
3352718
3353461
3353716
3354206
3354470
3357638
3358247
3358720
3359783
3359831
3359932
3360487
3362146
3362998
3363357
3363637
3364629
3364791
3367231
3367278
3368380
3369368
3369718
3370083
3370279
3371922
3372919
3373667
3373893
3374662
3376310
3376559
3378488
3379415
3379780
3381108
3381805
3382155
3382983
3383384
3383477
3383955
3384210
3385100
3387565
3387705
3387793
3388620
3390439
3393680
3394274
3394657
3395302
3395780
3396488
3397523
3398113
3399441
3399693
3401323
3401510
3402205
3402536
3403230
3404442
3404499
3405982
3406287
3406326
3406984
3407768
3408524
3408711
3408977
3411836
3411919
3413665
3414120
3414340
3415548
3415681
3416227
3416826
3416839
3418746
3420669
3424015
3424031
3424858
3425340
3425957
3426631
3426927
3427179
3427762
3428188
3428482
3428496
3429633
3433119
3433418
3434290
3434899
3435434
3436143
3438866
3444308
3444335
3444434
3444963
3445939
3448716
3450971
3451082
3452655
3452959
3453872
3454107
3454443
3455182
3456134
3456606
3456898
3457324
3457867
3458162
3464592
3465875
3467059
3467842
3469445
3469824
3471831
3471852
3471979
3472370
3472886
3472988
3473547
3473777
3473852
3474788
3475129
3475338
3476914
3477419
3477799
3479701
3480468
3481414
3481604
3488662
3488733
3489314
3489435
3490371
3490474
3491180
3491811
3492914
3493772
3494141
3495452
3495840
3497815
3497825
3497851
3498048
3498827
3498843
3499981
3500011
3500322
3500593
3502460
3503838
3504540
3505417
3505830
3505959
3506241
3507106
3507244
3509049
3509057
3509287
3509306
3510496
3510603
3510689
3512035
3514010
3514700
3516997
3517728
3518579
3519139
3520955
3522345
3523460
3523546
3523749
3523847
3523947
3524684
3525624
3526196
3526454
3526486
3527497
3527920
3528120
3529355
3530628
3532317
3532502
3533361
3533483
3534082
3534128
3534947
3537642
3540531
3541886
3542039
3543680
3543876
3544227
3544340
3546166
3546331
3547010
3548527
3548630
3550217
3550280
3550282
3550771
3550821
3551065
3552795
3552986
3558118
3559851
3560844
3561406
3561660
3561722
3561774
3564094
3564217
3564246
3564510
3564585
3565019
3567009
3567420
3569750
3569815
3570162
3570356
3570565
3570789
3571319
3571983
3572923
3573338
3574570
3575994
3576486
3578414
3579366
3580449
3582289
3582529
3583232
3583344
3583350
3585049
3585524
3586374
3586701
3587440
3588223
3588414
3589452
3590079
3590583
3591008
3593304
3594012
3594436
3594630
3595260
3595737
3595944
3597068
3597149
3597837
3599245
3600291
3601204
3601527
3602290
3604518
3607566
3608903
3608981
3609604
3609797
3609851
3611162
3611863
3612445
3612785
3613388
3613953
3614226
3616344
3616576
3616627
3617421
3618867
3619115
3620699
3621868
3625121
3625123
3626181
3626215
3626217
3626747
3626791
3627586
3629045
3629496
3630973
3631207
3631754
3634053
3634271
3635287
3636637
3639489
3641041
3641851
3641868
3642490
3642658
3643704
3643780
3644307
3644469
3645019
3645029
3647271
3647616
3650310
3650500
3650967
3652665
3653431
3653943
3654994
3655834
3656738
3656741
3656910
3657567
3658899
3660798
3661803
3662534
3664260
3664771
3664953
3665839
3666722
3667568
3667635
3668872
3671259
3674681
3675189
3675457
3676093
3677137
3677347
3678788
3679764
3682818
3683226
3683675
3684282
3685113
3685131
3686626
3686852
3687112
3687685
3687749
3687830
3689494
3690525
3691025
3691078
3691344
3691746
3692334
3692698
3693147
3693387
3693740
3694328
3694853
3695459
3695776
3695793
3696059
3697057
3697546
3697782
3697928
3698709
3699348
3699955
3700330
3701087
3701761
3705184
3706998
3710155
3710766
3714504
3714748
3715199
3716408
3716647
3719543
3719827
3720198
3720994
3721678
3723022
3723519
3723980
3724530
3724940
3725037
3725726
3725785
3726207
3727267
3727663
3729385
3731000
3731778
3731948
3733236
3733689
3734980
3735196
3735295
3736371
3736439
3736521
3737183
3737846
3738279
3738795
3741256
3741903
3742863
3743542
3743866
3744041
3746600
3748157
3750284
3750562
3752448
3754836
3757768
3759751
3760538
3762114
3762115
3762796
3763440
3764295
3764412
3764648
3766110
3767078
3767589
3769236
3769291
3770135
3771789
3771855
3772846
3772893
3773175
3773421
3773591
3775611
3776464
3777194
3778582
3778597
3778820
3779303
3779937
3780932
3782638
3784523
3785282
3785831
3786412
3787862
3789263
3789923
3789962
3790953
3791460
3793142
3793220
3794311
3794323
3794696
3795546
3796124
3796653
3796779
3797839
3798797
3799857
3800016
3800061
3801111
3801433
3803111
3804254
3804851
3806163
3808305
3808704
3808714
3809719
3809960
3810996
3812036
3812760
3814570
3816083
3817185
3817905
3818306
3818379
3818401
3819451
3819932
3820400
3820572
3824156
3824950
3826439
3826923
3827004
3827454
3828133
3828801
3829490
3829731
3830766
3831275
3832292
3832599
3832736
3832986
3833300
3833588
3837161
3837412
3839332
3839670
3839907
3840065
3840845
3841185
3842878
3843303
3843456
3844074
3844405
3846301
3846750
3847275
3847561
3847584
3847971
3852316
3853389
3853542
3853577
3853918
3855288
3855446
3856887
3857567
3857626
3861038
3861800
3861903
3862316
3862779
3865736
3866987
3869352
3870282
3870454
3873446
3873630
3873771
3876345
3876445
3876982
3878039
3880141
3880778
3881124
3881326
3881736
3883300
3883716
3884134
3884318
3884695
3885206
3885771
3886028
3886758
3887372
3888470
3890281
3892283
3892309
3892344
3892502
3895151
3895518
3895880
3895911
3896752
3898133
3898293
3898496
3900288
3903471
3904134
3907534
3907857
3908249
3908672
3908862
3909886
3910888
3910926
3911752
3911817
3912850
3914460
3914748
3915681
3917780
3919778
3919892
3921115
3922329
3922710
3924080
3925111
3925204
3925706
3926251
3926751
3927927
3928583
3928584
3928940
3929989
3930101
3930828
3931982
3932793
3933527
3934278
3937456
3937733
3940601
3941576
3942336
3945642
3948022
3948818
3948869
3950027
3950153
3950946
3951223
3951520
3953275
3954321
3954848
3954966
3955087
3955940
3956823
3957271
3957947
3958651
3958860
3959730
3960043
3960124
3960667
3960815
3962937
3963337
3964475
3965047
3969315
3972347
3972868
3973614
3974500
3975193
3975674
3976157
3976952
3978579
3980408
3981173
3981576
3982964
3984780
3985304
3985579
3985641
3986108
3986762
3989778
3990266
3994005
3994744
3994910
3995497
3996506
3997439
3998479
4001392
4001650
4002524
4004615
4005451
4008484
4010955
4011298
4011914
4012956
4013371
4013569
4014988
4015344
4017238
4017530
4018114
4018595
4019575
4020659
4020869
4021343
4023395
4024340
4026808
4027367
4028263
4030888
4031953
4033684
4036067
4036232
4036565
4038192
4039214
4040311
4040745
4043260
4043921
4044361
4044634
4046329
4046642
4047151
4051618
4051948
4052477
4054248
4054286
4054319
4054876
4055457
4056782
4056816
4059649
4059690
4060373
4061070
4062973
4063958
4064099
4064564
4064976
4065121
4065453
4066130
4066518
4066550
4066616
4067260
4068272
4068456
4069464
4070300
4072554
4073209
4073584
4073622
4074452
4074482
4076022
4076258
4076745
4077328
4077586
4078390
4078857
4079296
4079636
4080748
4080792
4081631
4083057
4083269
4085077
4085436
4086094
4086490
4086588
4086701
4086748
4089476
4089703
4090387
4090588
4090611
4091881
4093590
4093695
4093802
4094070
4096733
4098283
4098734
4099687
4101973
4102076
4103655
4104474
4105190
4106380
4107794
4108877
4109136
4110379
4113007
4114774
4116445
4117220
4117538
4119973
4120397
4120595
4125855
4125927
4126255
4126438
4129235
4130306
4132417
4133225
4134700
4134775
4134917
4135993
4136264
4137648
4137775
4138328
4140863
4142180
4143813
4144837
4147982
4148852
4149552
4150397
4154566
4156062
4158247
4160343
4160969
4162090
4162418
4163123
4163690
4163708
4164102
4165087
4167091
4168449
4169306
4169751
4169770
4170433
4172090
4173770
4175515
4177515
4178140
4178171
4179412
4181550
4181610
4182610
4184586
4185202
4185945
4188890
4190795
4191141
4192073
4193022
4193434
4193923
4194168
4195190
4196019
4196154
4197395
4198177
4198446
4199044
4199348
4201013
4202455
4203275
4203292
4205413
4206269
4207437
4208663
4208941
4209124
4209208
4209542
4209599
4211233
4211341
4211540
4212237
4212836
4216989
4218293
4221465
4222643
4225741
4226171
4227900
4228459
4229767
4230224
4230566
4230815
4232918
4233198
4233964
4235904
4237955
4239034
4239909
4240414
4241835
4242071
4244110
4244982
4245841
4246377
4246411
4248802
4249988
4250786
4252303
4253277
4253404
4253646
4253647
4254206
4254304
4254306
4255645
4255807
4255920
4256941
4257525
4258964
4260505
4260561
4260563
4261499
4262473
4264663
4265178
4266461
4266779
4269324
4270139
4270559
4270829
4270952
4271411
4271419
4272012
4273388
4273909
4274420
4275651
4275812
4276680
4277048
4278275
4280330
4283033
4283848
4283935
4287153
4288034
4288547
4288559
4291299
4292325
4292444
4293008
4293145
4293992
4294241
4296289
4297703
4298354
4299123
4299728
4300386
4300910
4301352
4301895
4302473
4302556
4303332
4303826
4305119
4306722
4306918
4307631
4307941
4309541
4310519
4313404
4313511
4314013
4314993
4315219
4315352
4315469
4315612
4315934
4316715
4317532
4317537
4318246
4318294
4318324
4319147
4320412
4320616
4321157
4321917
4322081
4322285
4325003
4325604
4327027
4329416
4329437
4329547
4329719
4332991
4334404
4334659
4334897
4335113
4335608
4335867
4336412
4336585
4336685
4337233
4337324
4338949
4340042
4340152
4341384
4342871
4343102
4343878
4345600
4347217
4347303
4348541
4348658
4349045
4349406
4350386
4350602
4351207
4353416
4353865
4354902
4358586
4358803
4359106
4360335
4361010
4361259
4362294
4363856
4365495
4365554
4366421
4366959
4367524
4367802
4367862
4367978
4369778
4371672
4372116
4372437
4373695
4374374
4377430
4378345
4378996
4379054
4380736
4382384
4384176
4384708
4384804
4385012
4385163
4386929
4387835
4388194
4388665
4389333
4389613
4391023
4392530
4392729
4392815
4393125
4395734
4396342
4397345
4397996
4398335
4398483
4399719
4400388
4401112
4403348
4403364
4404476
4405212
4405323
4406181
4406388
4407538
4407615
4407812
4407859
4409032
4409531
4409669
4411092
4411392
4411626
4412803
4415504
4415914
4418778
4419064
4419355
4419424
4419916
4421594
4421629
4422030
4424152
4424600
4424788
4425251
4425418
4425560
4426138
4426943
4427167
4428246
4429380
4429970
4430115
4431337
4431798
4431846
4433000
4433574
4434481
4434726
4435502
4439376
4441636
4443373
4443804
4444098
4447734
4447788
4448971
4449802
4450929
4452172
4452315
4457326
4457347
4458886
4460083
4460499
4462252
4463154
4464406
4465580
4465580
4465674
4466345
4467649
4467738
4467997
4468935
4468998
4469471
4469477
4470115
4471349
4471368
4472118
4472396
4473218
4474542
4476641
4476766
4476819
4477269
4477278
4478355
4478608
4481770
4484343
4485581
4485776
4485784
4486029
4486264
4488565
4488706
4490129
4490312
4490482
4491656
4491668
4491861
4491889
4493250
4494007
4494086
4495072
4495276
4496927
4497822
4498416
4500227
4502424
4502431
4502926
4504252
4506368
4507151
4508286
4509671
4509734
4513775
4514739
4515372
4516618
4517182
4517410
4517800
4517869
4519340
4521790
4523489
4525073
4525457
4526553
4527877
4529965
4529982
4530121
4530316
4530402
4532518
4533273
4533481
4534884
4535421
4535649
4536502
4537276
4537621
4537796
4537909
4538279
4538487
4539765
4542938
4543069
4543162
4543553
4544185
4544601
4544617
4545535
4546331
4546796
4547631
4547988
4549669
4550815
4551039
4551395
4551614
4551622
4552733
4555009
4555484
4555997
4557258
4560263
4561636
4561965
4562424
4563036
4563548
4563931
4564442
4567200
4567657
4569079
4569610
4570067
4570367
4571388
4571873
4574151
4575570
4577229
4577539
4578617
4578721
4580613
4582139
4582382
4583308
4583717
4583820
4584737
4586459
4586566
4587446
4588756
4588826
4589337
4590977
4592722
4592908
4593237
4598077
4602270
4602398
4604906
4605065
4605688
4606194
4606684
4608837
4609659
4611890
4613224
4613609
4614262
4614589
4615401
4617830
4617833
4618704
4619637
4622151
4622932
4623841
4624229
4624783
4627295
4628714
4629195
4629457
4630354
4632645
4634589
4635420
4635807
4639297
4639649
4639866
4641509
4641992
4642721
4643982
4644696
4645032
4648209
4648343
4648663
4649377
4650400
4651371
4651695
4651760
4652067
4652236
4652271
4654010
4654491
4655022
4657093
4657099
4657223
4657795
4657912
4658286
4661474
4661873
4663202
4663909
4664054
4664602
4665185
4666364
4666588
4667455
4667652
4669720
4670758
4671444
4671614
4672172
4672246
4672254
4672564
4672638
4673135
4673267
4675073
4675266
4675618
4675739
4675840
4676498
4676994
4677410
4678404
4680304
4681293
4681441
4682554
4682571
4683955
4684708
4685430
4686852
4687753
4689637
4689747
4689750
4690154
4690390
4692286
4692355
4693746
4694441
4696353
4697535
4698908
4699176
4699280
4699909
4700030
4701801
4703301
4703772
4703826
4704161
4704261
4704406
4706790
4707039
4708607
4711154
4711491
4713829
4716985
4717271
4718288
4718589
4720036
4722496
4723855
4724266
4725771
4725988
4729397
4729981
4730629
4730804
4730869
4731507
4731637
4731849
4732130
4736390
4736545
4737644
4737719
4738415
4738989
4739230
4739232
4740383
4741394
4743062
4743140
4745926
4747237
4747354
4747435
4749124
4750779
4751233
4752102
4753336
4754677
4755643
4755749
4759082
4760050
4760213
4761475
4761501
4763159
4763752
4763936
4764322
4765042
4765415
4766998
4767609
4767670
4768142
4769428
4769922
4771703
4771898
4772468
4772654
4773065
4774245
4775749
4775919
4776802
4777789
4778975
4779666
4779937
4780100
4780299
4781158
4781388
4781438
4782143
4783977
4784552
4786255
4787244
4791038
4791687
4792123
4792492
4794365
4797037
4798822
4799402
4799695
4799878
4800109
4801465
4801933
4802553
4802973
4803657
4805429
4806433
4806801
4807560
4808063
4808359
4813144
4813187
4816728
4817486
4817582
4818492
4821266
4821368
4821840
4822557
4826212
4827747
4832882
4833209
4834730
4834983
4835092
4835808
4836096
4836606
4836635
4837116
4837617
4837642
4840016
4840697
4842397
4842552
4845489
4847492
4848109
4848821
4849311
4851064
4851427
4852239
4852755
4854020
4854832
4855216
4855703
4856812
4857798
4858154
4859268
4859418
4860391
4860677
4862498
4862987
4863018
4863618
4863881
4863961
4864897
4865025
4866813
4866980
4868375
4869094
4870553
4872035
4872291
4872947
4873047
4873056
4873539
4875038
4875782
4875818
4878914
4881243
4881260
4881556
4881984
4883530
4886306
4886926
4887460
4887729
4887843
4888289
4888622
4889144
4889439
4890340
4891733
4892509
4893068
4893322
4894537
4895644
4895687
4897528
4897931
4897944
4899762
4900052
4901773
4905728
4906105
4906630
4906933
4907374
4908316
4909081
4909426
4909834
4910433
4913109
4913580
4913794
4915628
4918931
4920255
4920781
4921521
4921657
4921663
4921855
4922129
4922553
4923420
4924106
4924467
4925094
4928824
4931656
4933136
4933574
4934362
4936964
4937395
4939160
4939346
4939750
4940069
4940192
4940331
4942552
4943625
4944134
4945070
4946521
4948353
4950940
4951938
4953018
4953494
4954068
4954607
4955799
4962110
4963635
4964143
4965196
4965596
4966372
4966571
4968055
4969250
4970817
4971357
4973228
4974123
4974495
4974827
4975052
4975286
4975460
4978023
4978401
4978758
4980562
4981155
4981253
4981343
4983088
4983477
4984593
4985388
4985702
4987536
4987704
4987919
4987952
4988256
4990221
4993714
4994986
4995103
4996994
4997290
5000302
5001119
5003419
5004066
5004233
5004807
5005254
5005691
5010477
5010516
5011300
5011983
5012593
5014653
5015259
5018818
5019230
5019512
5020315
5020454
5020643
5020765
5021579
5022005
5023666
5024223
5024637
5025085
5026076
5026366
5027128
5027708
5028630
5028954
5029615
5029776
5030664
5030950
5031765
5032932
5035552
5035865
5036665
5037299
5040421
5040761
5041218
5042108
5043078
5043217
5043895
5044107
5046256
5047217
5047337
5047360
5047770
5048748
5053363
5054485
5054486
5055026
5056672
5057590
5061090
5061548
5061585
5062060
5064244
5065235
5066225
5066516
5068846
5069654
5069668
5071007
5071553
5073218
5074181
5076232
5076651
5078535
5078958
5079676
5081025
5081148
5086168
5087258
5087782
5088508
5091662
5092009
5093354
5095223
5097796
5097866
5098146
5101421
5101653
5102400
5102542
5103015
5103330
5103946
5105252
5105329
5106078
5106282
5107497
5112287
5112583
5113715
5113738
5113830
5115109
5115879
5115984
5117456
5118599
5118785
5121711
5121894
5122129
5123369
5123401
5123612
5123937
5123970
5124449
5125465
5127346
5127693
5127945
5127994
5128192
5128192
5131361
5131670
5131836
5132280
5133051
5135966
5136058
5136202
5137676
5138253
5138330
5138401
5141563
5142042
5143693
5145242
5146159
5147499
5147502
5148187
5149330
5149501
5151252
5151775
5153410
5153542
5153773
5154064
5154132
5154324
5154550
5154714
5155850
5156397
5158421
5158488
5158890
5159341
5159353
5159538
5161759
5163629
5164070
5164833
5165969
5166035
5169135
5169228
5170272
5170298
5173265
5180316
5180336
5180476
5181456
5181635
5184863
5185761
5186919
5186963
5187109
5187994
5190569
5191147
5191738
5193433
5193637
5194728
5195104
5195145
5196873
5197024
5197412
5197741
5199831
5200467
5201177
5201208
5201408
5202347
5205881
5207705
5208545
5209433
5211321
5211326
5211555
5212132
5212395
5212615
5213631
5215267
5218093
5219274
5220114
5220872
5221942
5222465
5223726
5223751
5224255
5224626
5225414
5225617
5225887
5226319
5226549
5226713
5226874
5228563
5229662
5231169
5232249
5232801
5232810
5234145
5234992
5235535
5235808
5236212
5236482
5237494
5238352
5239117
5240069
5240521
5242221
5242688
5244044
5244725
5245374
5245725
5245826
5246687
5247546
5247952
5248150
5249557
5250165
5250485
5251620
5252183
5252469
5253895
5253946
5255218
5255463
5255467
5256428
5257582
5257670
5258097
5260701
5261305
5262303
5262536
5263382
5263519
5263750
5264466
5264514
5264985
5265042
5265206
5265391
5265625
5265810
5265865
5267330
5268620
5269358
5270502
5270555
5270943
5271433
5272250
5273121
5274185
5274233
5275145
5277537
5279010
5282512
5285418
5285528
5285585
5286534
5287987
5288425
5288952
5289217
5291761
5292153
5292652
5293946
5294345
5294479
5295192
5295523
5296825
5298239
5299410
5299454
5304226
5304237
5304796
5305808
5307304
5307650
5309801
5310068
5310902
5311423
5311492
5314853
5315127
5315175
5315455
5315921
5315987
5316265
5316806
5316874
5317516
5317654
5319117
5319610
5320713
5321645
5323456
5323553
5325258
5325687
5326248
5327875
5328097
5329876
5330032
5332322
5332535
5332569
5333492
5334919
5337476
5338872
5340271
5340592
5342258
5343887
5344964
5345626
5347506
5350187
5350540
5350691
5351938
5352113
5352297
5355652
5355774
5360378
5361001
5361131
5362694
5363890
5364399
5365751
5368844
5369253
5369991
5370565
5371856
5373745
5373911
5376525
5377053
5377775
5377929
5378577
5378954
5379927
5380870
5381704
5382137
5382625
5383369
5385558
5385586
5386162
5386303
5386372
5389280
5390317
5390639
5391102
5391160
5392717
5393047
5394322
5394745
5396541
5397319
5397363
5398693
5401326
5402575
5403225
5403230
5405647
5407167
5407455
5408270
5409609
5409801
5411587
5416871
5417431
5418379
5419506
5420973
5422401
5423214
5424114
5424734
5425402
5425429
5425651
5427596
5428082
5428166
5428488
5430927
5431351
5435953
5436219
5436642
5437037
5438075
5438123
5440647
5440827
5441130
5441197
5441320
5443648
5445054
5445774
5447561
5447924
5448004
5448066
5448235
5449376
5449747
5450431
5450793
5451376
5451377
5451647
5452599
5452950
5454241
5455465
5457636
5457656
5458468
5459450
5460647
5461083
5461379
5461735
5461875
5461932
5463329
5464844
5464918
5465769
5466273
5467195
5467715
5468098
5468387
5468464
5468832
5469005
5469204
5471274
5472080
5473397
5474630
5474664
5475344
5476036
5477952
5479098
5479518
5480090
5480245
5483492
5485658
5486397
5487713
5487899
5488650
5488889
5488954
5491194
5491284
5491824
5492428
5493346
5494337
5494904
5494978
5496289
5498103
5498180
5498383
5498764
5503333
5504392
5504949
5505656
5506638
5506960
5507484
5510477
5510477
5511899
5513638
5513705
5516607
5517222
5518252
5518565
5520702
5521066
5521068
5523293
5526815
5527647
5528533
5528756
5530255
5530445
5531605
5532387
5533122
5533200
5533726
5534315
5535901
5537223
5537614
5538626
5543711
5544185
5544636
5546496
5546773
5546848
5548260
5548995
5549198
5549361
5549908
5550493
5550918
5552826
5553497
5554771
5556275
5557318
5557376
5558018
5560586
5561180
5562167
5562452
5563402
5564884
5564941
5565540
5565629
5565647
5569567
5569569
5570262
5575033
5576992
5578235
5579736
5579816
5580198
5580811
5581240
5581524
5582086
5582920
5582969
5583399
5584169
5584210
5585705
5585823
5586211
5586756
5587250
5587583
5587978
5589446
5590023
5591080
5591564
5592166
5592408
5592825
5592881
5593353
5593612
5597845
5599013
5599252
5602888
5603185
5603476
5603570
5604716
5607121
5609327
5609413
5611831
5612605
5613171
5613893
5614928
5615442
5615787
5615914
5618175
5618470
5619472
5621818
5622519
5622843
5623242
5625381
5626458
5627102
5628299
5628409
5628933
5629237
5630896
5631060
5632442
5633322
5634271
5636480
5636872
5638547
5638819
5638946
5639014
5639389
5640316
5640775
5643308
5643895
5644542
5644696
5644711
5646789
5651415
5651730
5651888
5652027
5652067
5653002
5654371
5654581
5655015
5657206
5657580
5659225
5659612
5662868
5662965
5663233
5663270
5665269
5665429
5665649
5665685
5667193
5667269
5667348
5667567
5667992
5668170
5669206
5669550
5672226
5672373
5672872
5673206
5673276
5675923
5676755
5677687
5678784
5678815
5679154
5679268
5679856
5680873
5681206
5681474
5683258
5683274
5684530
5685091
5686072
5688440
5688981
5689302
5689688
5689733
5690763
5691598
5695465
5697398
5697759
5698672
5699467
5699955
5700536
5701606
5703556
5704385
5706190
5706649
5706716
5706728
5708023
5708442
5711520
5712115
5712389
5712497
5713304
5714200
5714897
5715938
5717081
5717445
5719651
5719993
5720452
5720766
5721480
5721504
5722128
5724069
5724826
5725969
5726381
5727750
5728613
5729941
5730435
5730803
5731984
5733777
5737045
5737296
5738463
5738777
5740180
5743344
5747921
5748320
5749184
5750544
5753816
5754681
5755068
5757322
5758316
5761256
5761479
5762795
5764481
5764738
5765595
5766173
5766374
5768429
5770164
5771978
5773012
5773374
5773829
5773842
5774305
5775761
5776063
5776890
5779108
5779610
5780213
5781871
5782333
5782363
5782469
5782517
5784477
5784689
5784707
5784803
5785023
5787526
5788084
5788548
5790777
5790838
5791053
5792681
5792703
5792869
5794148
5794612
5797577
5798456
5798976
5799975
5802682
5803914
5804567
5804679
5804865
5808667
5809461
5810115
5810416
5810961
5812478
5813594
5815068
5816626
5817614
5818041
5818421
5822158
5822888
5823080
5823545
5823651
5825486
5826486
5827243
5829647
5829812
5829835
5830034
5830709
5830728
5831049
5831326
5834266
5835329
5835555
5837188
5837765
5839090
5839210
5840386
5841481
5842020
5842194
5843256
5844211
5844520
5851237
5851418
5851468
5851708
5852085
5852486
5853453
5854544
5855483
5857081
5857789
5857881
5858636
5858860
5860064
5860519
5861876
5862517
5862752
5864057
5864164
5864605
5867430
5867702
5867940
5867983
5868785
5870065
5870082
5872645
5873089
5874419
5874850
5875973
5876596
5877257
5878252
5879602
5879737
5879997
5882022
5883460
5884028
5884477
5885551
5885647
5885778
5886433
5887070
5887192
5887526
5887623
5888330
5888421
5889296
5889892
5891492
5891495
5891532
5892705
5893666
5893891
5895753
5895924
5895997
5896788
5897598
5897897
5897921
5898023
5899161
5899279
5901550
5902926
5903377
5904913
5905745
5905996
5906592
5907756
5908121
5908301
5908608
5908856
5911394
5912321
5914130
5914368
5915206
5915483
5916520
5917316
5917877
5918045
5918657
5918837
5919328
5919838
5920527
5921106
5921404
5922217
5923321
5923579
5923976
5924180
5925525
5926388
5929593
5933681
5934092
5935963
5936313
5936634
5937478
5937857
5938127
5938150
5938666
5939607
5942749
5942771
5943234
5943449
5943621
5944948
5945204
5948870
5951000
5951329
5952589
5953866
5954009
5955184
5955633
5955907
5956338
5957356
5957764
5958441
5959327
5960636
5961755
5961969
5963421
5963915
5963973
5965809
5966588
5966957
5967196
5967650
5969154
5970129
5971352
5972128
5973089
5974226
5978165
5978214
5982841
5985766
5987904
5988262
5988375
5989535
5989754
5990405
5993318
5994083
5996796
5997250
5998046
5998099
5998470
5999366
5999638
5999748
5999943
6000097
6000390
6000817
6001379
6001636
6002738
6003944
6006392
6006868
6007416
6007856
6008787
6009141
6010738
6012177
6012393
6012637
6012973
6014062
6014215
6014361
6014485
6014627
6015161
6016294
6016703
6017719
6017783
6018320
6018523
6018838
6019241
6019483
6019919
6020027
6020417
6020509
6020884
6021552
6023119
6024011
6024360
6025290
6027010
6027785
6027809
6028069
6030660
6030765
6031679
6032730
6032749
6032871
6033405
6033951
6036007
6036264
6037912
6039386
6039648
6042855
6046510
6046616
6047415
6047701
6050631
6053067
6053569
6054116
6054469
6055361
6055870
6056076
6056247
6057251
6057347
6058124
6059701
6061433
6061862
6061914
6062249
6062254
6062742
6062921
6063718
6063726
6064595
6067904
6068566
6069082
6069505
6069782
6071519
6072173
6072800
6073129
6076480
6078283
6078307
6078521
6079184
6081634
6082051
6082407
6082485
6085361
6087461
6087862
6088576
6088854
6088971
6089143
6090008
6090497
6090559
6091757
6092008
6092497
6094621
6094759
6095705
6096679
6096859
6097524
6099157
6099663
6100599
6101026
6102285
6103487
6104072
6106709
6106725
6107920
6108336
6109286
6111131
6112276
6112751
6114106
6115264
6116121
6116980
6116992
6116996
6117041
6117311
6117479
6117500
6117907
6118150
6118339
6119164
6119890
6119988
6120191
6120196
6121377
6121411
6121514
6121515
6121669
6122887
6124661
6125078
6126609
6127115
6127813
6128097
6129401
6130100
6130999
6131117
6133029
6133280
6133538
6133754
6134718
6134853
6134978
6135676
6135810
6136054
6137202
6138406
6138912
6139366
6140476
6141049
6141461
6142553
6143580
6143824
6143970
6145199
6146568
6146640
6147565
6148154
6148952
6149321
6150535
6150900
6151027
6151129
6152196
6153172
6155173
6156774
6160245
6160486
6160628
6162258
6164773
6165171
6165250
6166882
6168799
6169249
6169843
6173722
6173967
6175035
6177112
6177854
6178245
6178395
6179234
6179581
6180404
6182128
6183879
6184461
6185809
6186816
6186928
6189025
6189454
6191795
6194137
6194727
6194780
6195201
6195936
6197065
6197207
6198445
6199151
6199414
6202627
6203488
6206469
6207394
6209958
6210684
6213287
6214223
6214402
6214561
6215748
6216141
6218090
6218113
6218442
6218701
6219266
6219625
6222828
6222835
6224598
6227625
6228056
6230689
6230801
6231097
6231329
6231514
6232141
6232440
6236407
6237811
6239073
6239373
6240311
6241469
6241698
6241742
6241749
6242494
6242945
6243593
6243844
6244360
6245430
6245446
6249488
6249821
6249851
6251376
6252048
6252119
6252261
6253880
6254679
6254972
6255250
6255390
6255533
6256811
6257114
6258071
6259035
6259047
6259767
6260221
6260557
6260646
6260684
6260838
6261690
6262668
6265197
6266299
6266857
6266881
6267066
6267520
6268013
6268874
6269417
6271217
6272370
6273593
6276023
6276910
6277534
6277539
6277900
6279211
6280168
6281276
6282682
6283193
6283778
6283932
6284120
6284212
6284755
6285812
6286254
6288337
6288380
6288748
6289135
6289609
6290947
6291600
6294589
6295093
6297088
6297632
6298247
6298709
6300218
6301105
6302287
6302497
6302759
6303382
6303840
6303982
6305265
6305780
6306185
6306581
6307932
6308296
6308829
6309581
6309958
6310229
6310848
6310922
6311026
6312906
6313545
6314405
6316225
6317295
6317704
6317889
6318264
6319322
6319546
6320410
6320461
6321502
6321639
6322475
6322555
6323197
6323426
6324435
6324619
6325146
6325823
6328567
6328647
6330370
6331411
6331825
6334526
6335373
6339098
6340336
6343098
6343128
6344951
6345139
6348134
6348600
6349764
6350164
6352672
6352927
6353016
6353375
6353521
6353820
6354218
6354335
6354364
6356081
6357845
6361930
6363581
6365532
6368010
6368013
6368478
6368609
6368951
6369336
6369873
6371000
6371177
6373158
6373906
6374182
6374539
6375583
6375977
6377122
6378312
6378926
6379746
6380315
6380455
6381380
6383113
6383741
6384569
6385069
6385249
6386181
6386545
6387466
6387708
6387766
6389030
6389374
6390307
6391839
6394819
6395431
6395899
6396747
6399171
6399266
6399463
6400053
6401476
6401684
6402379
6403062
6404206
6404569
6406983
6409987
6411925
6412527
6412716
6413592
6414238
6414289
6414959
6416462
6416518
6417010
6417955
6420099
6420626
6420712
6420809
6421777
6421795
6421923
6421929
6423431
6424754
6424894
6425065
6425643
6428202
6429393
6430074
6430687
6431252
6431562
6431676
6432118
6432208
6434449
6435726
6437226
6437381
6438854
6438955
6439057
6440084
6442196
6443206
6443947
6444671
6445607
6445901
6446544
6447458
6448382
6449222
6449896
6450703
6451996
6452393
6456958
6457517
6458332
6458699
6458705
6458948
6459407
6460123
6460901
6461948
6463231
6463920
6464091
6464558
6465374
6465434
6467272
6468372
6469031
6469453
6470756
6471329
6471582
6472675
6472732
6473449
6473942
6475169
6476328
6476479
6476932
6478273
6478996
6480604
6481048
6481548
6483791
6483946
6485920
6487595
6487913
6488080
6488435
6489106
6490103
6490500
6490724
6491646
6492195
6495171
6495367
6495783
6496152
6496361
6497171
6497562
6498150
6498666
6499204
6499669
6499866
6501576
6503365
6505807
6507784
6509371
6511053
6511354
6512345
6512453
6513247
6515223
6516729
6519306
6519854
6520516
6521552
6521844
6522439
6523006
6523576
6523869
6524594
6524981
6525542
6525993
6526225
6526348
6526388
6528177
6528193
6528290
6529277
6531276
6534484
6535196
6535660
6535703
6536700
6536936
6538156
6538310
6538366
6538479
6538801
6539029
6539325
6539478
6539633
6542543
6542625
6543188
6545007
6545348
6546887
6548757
6549298
6549896
6551352
6551532
6551901
6553385
6553707
6555207
6556153
6556579
6562413
6562551
6563419
6564278
6564404
6564427
6566236
6566353
6566462
6568860
6569279
6569728
6570203
6570744
6571090
6573315
6574052
6574276
6575749
6575945
6576378
6576588
6577097
6577537
6579829
6581705
6583407
6583793
6584962
6587021
6587346
6588398
6589035
6589762
6590271
6590895
6591002
6591415
6593295
6599370
6601220
6601727
6601939
6602538
6603348
6603414
6603839
6603954
6604427
6604437
6604662
6604780
6605653
6605750
6606099
6608123
6608182
6609870
6610642
6611110
6611555
6612569
6612689
6613650
6613663
6614757
6617340
6619141
6619921
6621664
6621950
6622623
6623534
6623584
6624323
6625559
6626489
6627198
6627788
6629208
6630260
6631419
6631662
6633333
6636520
6637521
6637803
6637904
6639180
6640241
6643582
6644158
6645133
6645929
6645941
6646115
6647335
6647376
6648055
6649057
6649117
6650282
6650339
6652373
6653418
6653777
6654700
6654708
6654816
6655260
6656812
6658618
6659414
6660550
6660933
6662695
6663161
6664899
6664943
6665860
6665973
6667220
6667424
6668499
6672589
6673153
6674214
6674830
6674871
6677103
6677508
6679808
6679892
6680354
6683975
6684737
6684834
6685533
6685753
6687601
6689238
6689932
6690354
6690478
6691209
6691540
6692352
6692834
6693611
6693656
6695292
6696594
6696995
6697351
6699114
6699555
6700715
6701009
6703255
6705032
6706529
6707465
6707874
6709383
6710770
6711590
6711738
6711768
6712841
6716808
6717080
6718516
6721212
6723018
6723681
6724317
6725164
6726323
6726951
6727706
6729732
6730425
6730593
6731376
6735681
6735865
6737386
6739366
6740191
6740490
6742610
6743096
6743650
6743708
6743770
6744715
6746076
6746524
6747619
6747937
6748470
6749252
6753116
6755635
6756547
6756596
6756596
6758879
6759151
6759578
6760961
6761460
6763624
6765124
6766075
6766796
6766817
6767166
6769530
6773006
6773157
6773476
6774605
6774614
6775541
6777057
6777310
6777995
6778395
6781152
6781855
6781904
6782445
6782593
6782819
6784824
6785234
6786694
6787086
6788311
6788470
6788542
6788989
6789088
6790492
6792081
6793403
6793936
6794469
6795053
6795225
6797241
6797929
6798513
6798835
6799602
6801670
6802430
6802578
6804091
6804313
6805742
6806210
6806488
6806588
6807698
6809258
6809340
6809599
6810314
6811192
6812424
6812520
6812672
6812764
6813340
6813754
6813790
6814271
6814309
6815528
6815829
6816638
6818510
6819462
6819490
6819529
6821875
6821945
6822059
6822514
6824671
6826037
6826951
6827912
6829906
6831735
6832258
6832590
6836114
6838690
6838967
6839349
6839355
6840433
6841019
6841028
6841086
6841728
6842592
6843407
6843817
6844714
6844879
6846310
6849212
6850042
6851004
6851505
6851575
6852368
6852768
6854288
6854496
6855371
6857091
6859725
6859927
6860156
6860261
6860885
6861367
6862759
6864231
6864284
6865820
6867184
6869076
6869170
6871458
6872052
6872246
6875546
6875652
6876554
6877879
6878205
6881077
6882012
6882091
6883395
6883454
6885528
6886343
6886602
6887563
6887572
6888039
6888386
6889342
6890671
6893425
6894711
6895124
6895576
6896322
6898006
6899511
6899925
6900661
6901798
6902102
6902860
6903099
6903324
6904758
6905046
6905685
6906041
6908606
6908871
6909299
6910549
6911391
6911837
6912059
6912253
6913713
6914763
6915128
6916683
6917397
6917743
6917963
6918164
6918464
6918614
6918812
6920646
6920744
6920933
6921455
6921818
6922199
6923173
6925453
6927375
6927377
6927915
6928780
6932678
6932805
6933356
6934569
6934816
6936633
6936738
6937527
6939829
6940670
6940794
6943080
6944414
6947189
6951505
6952067
6953163
6954001
6956844
6957466
6957645
6958273
6958526
6958799
6960455
6961772
6962341
6962519
6962547
6964069
6964484
6965333
6966860
6967936
6968750
6969384
6970141
6970559
6971595
6971774
6973466
6974502
6974530
6979047
6980367
6981217
6981965
6983715
6984297
6984533
6985970
6988422
6989694
6990206
6990974
6991486
6992167
6992584
6994684
6996424
7001006
7001028
7001790
7001863
7002537
7002872
7005079
7005350
7005405
7005898
7005903
7005917
7005997
7006057
7007437
7008533
7011984
7013457
7013752
7017038
7017775
7017793
7018196
7019871
7019998
7020338
7020451
7021948
7022680
7022779
7023849
7024895
7025651
7027859
7027988
7028206
7031148
7032384
7033569
7034245
7035600
7035686
7037551
7037608
7040636
7040683
7041785
7042728
7042774
7043852
7044575
7047248
7047891
7049753
7054979
7056520
7060013
7061071
7061263
7061629
7061766
7063128
7063289
7063588
7068558
7069340
7069998
7070209
7072252
7073763
7075846
7077821
7078341
7079080
7080480
7080669
7081124
7081933
7084315
7084590
7084677
7084958
7088486
7088583
7089635
7091537
7091695
7091886
7092638
7093598
7094500
7094913
7095938
7096595
7096600
7096881
7098141
7099139
7099549
7100549
7101675
7103091
7104195
7105373
7106117
7106395
7106942
7107624
7108596
7109463
7111290
7111478
7113385
7113502
7114033
7114249
7114362
7115271
7115731
7116118
7117612
7117712
7119391
7119578
7120713
7121098
7122750
7124162
7124733
7124869
7125878
7126740
7127918
7130301
7131164
7131686
7132081
7133131
7134695
7135553
7137434
7138220
7138336
7139723
7141231
7141378
7142006
7143769
7143942
7145249
7145561
7145775
7146839
7147722
7148847
7149621
7150739
7151415
7152226
7153819
7154502
7154726
7154775
7154815
7154825
7159707
7160384
7161324
7161494
7161912
7162058
7164915
7165282
7165683
7165934
7165938
7167975
7168175
7168284
7169563
7170122
7171324
7172029
7172608
7172760
7173291
7177289
7178175
7178582
7178871
7183336
7183569
7183628
7184360
7184377
7184492
7185029
7185716
7185997
7187306
7188315
7188750
7192424
7194151
7194300
7194667
7196194
7197260
7198002
7198995
7199709
7200280
7200467
7200498
7201035
7201626
7201766
7202046
7202247
7203229
7203459
7203823
7204147
7205368
7207528
7207853
7208521
7209644
7209669
7210170
7214290
7214880
7215182
7218995
7221811
7222179
7224466
7226836
7227088
7228576
7229175
7229337
7230021
7231242
7231872
7232218
7232366
7232513
7232932
7234435
7234964
7235678
7236260
7236579
7236945
7237880
7239172
7239834
7241592
7242660
7242798
7245227
7245665
7247171
7248063
7249762
7249807
7249912
7250364
7251017
7252226
7252337
7252348
7253234
7253374
7253413
7254238
7255020
7255241
7255545
7259024
7261090
7262277
7264443
7264965
7266915
7266935
7267745
7268580
7272669
7273552
7273758
7273880
7274726
7275152
7275794
7279328
7279398
7280275
7281047
7282574
7283080
7286414
7289435
7290567
7290629
7290957
7291653
7292606
7292840
7293321
7293642
7294155
7296650
7297299
7297912
7299656
7299863
7300285
7300511
7301225
7301411
7301579
7302012
7302373
7303062
7305154
7305159
7305787
7306556
7308218
7308257
7308365
7309098
7310838
7312091
7313142
7315224
7315232
7315656
7315761
7315925
7318762
7318950
7320812
7321267
7321444
7321587
7321591
7322844
7325559
7327582
7328609
7328840
7328952
7329289
7330520
7332553
7333334
7333453
7333541
7333910
7334274
7335452
7337629
7340038
7340299
7340951
7342347
7343075
7343635
7344384
7344721
7344824
7347590
7347719
7347864
7348024
7350265
7351530
7352164
7353641
7353785
7356507
7356588
7358416
7359001
7360352
7360394
7360567
7362955
7365755
7366836
7367562
7367827
7369632
7370553
7370583
7370626
7370712
7370883
7371421
7372165
7373062
7373303
7374406
7375141
7375445
7376079
7376311
7376331
7376402
7376548
7376981
7379807
7382388
7383886
7384080
7384371
7384640
7384879
7385156
7385959
7387249
7388563
7388572
7389137
7389484
7389809
7390774
7390843
7391103
7391465
7392402
7393000
7393362
7393957
7396113
7396302
7397064
7398160
7398563
7400795
7401310
7403057
7403143
7405348
7406477
7407714
7407777
7407975
7408033
7408151
7409459
7413592
7415169
7415392
7415465
7416595
7418372
7418816
7419271
7419862
7420193
7420457
7420905
7422104
7422586
7426501
7427666
7431470
7431688
7432484
7433066
7434570
7435207
7435214
7437795
7437905
7440044
7440176
7442039
7442384
7442794
7443460
7443820
7444311
7444381
7444423
7444640
7445414
7445795
7445810
7446519
7446532
7448669
7449207
7449503
7449926
7451549
7452423
7454379
7454459
7456022
7456262
7456542
7456596
7456700
7457072
7460781
7460968
7461648
7464025
7464200
7464304
7466580
7467616
7468116
7468210
7469332
7470519
7470697
7471006
7474822
7477106
7479966
7480402
7481592
7481977
7483199
7483230
7484552
7484952
7485078
7485428
7486510
7488465
7488505
7489027
7490594
7492785
7493399
7493470
7494832
7495024
7495768
7497988
7498555
7498758
7500823
7502252
7504406
7506792
7507322
7507423
7507495
7508312
7508502
7508653
7509432
7512521
7513910
7514196
7514428
7516008
7516286
7517119
7517289
7517929
7518257
7519050
7520135
7520138
7520656
7521127
7521557
7521798
7522318
7522431
7524130
7526434
7528490
7535161
7536826
7537065
7537749
7539006
7539169
7540954
7542278
7542735
7543196
7543326
7543377
7544286
7544897
7545236
7545389
7545502
7546127
7546250
7546676
7548425
7548938
7550551
7551425
7551802
7552968
7553570
7553630
7554458
7556456
7556936
7557921
7557979
7558101
7559622
7560340
7560573
7560594
7560816
7562204
7563009
7563758
7564183
7564444
7565487
7566366
7568703
7569024
7569743
7573068
7577163
7578506
7578660
7579023
7582446
7584221
7584898
7584940
7586570
7586726
7586820
7587567
7587714
7588215
7588303
7591238
7593078
7593530
7594620
7594660
7596855
7598671
7598979
7599925
7603879
7605625
7605679
7605723
7606021
7606576
7607238
7608146
7609165
7609830
7609851
7609857
7610031
7610085
7610972
7613064
7613477
7613855
7614134
7614676
7614876
7615787
7616010
7618145
7618691
7618832
7618868
7620004
7620008
7620124
7620348
7622227
7622960
7625161
7626550
7627418
7627840
7628362
7628364
7629153
7629267
7630994
7631068
7631304
7632922
7633874
7635116
7635172
7635433
7635905
7638778
7639114
7639383
7639543
7640150
7640263
7640415
7640418
7640489
7640558
7641759
7642058
7644202
7646610
7647288
7647479
7648018
7648536
7649822
7650784
7652585
7652803
7652894
7655718
7655726
7656558
7657292
7657603
7657842
7658918
7659362
7660251
7662693
7662924
7663216
7663996
7664128
7664529
7665654
7666833
7667389
7668089
7668605
7670017
7670250
7670876
7671139
7671319
7672030
7672226
7672365
7672636
7672989
7673727
7674797
7675218
7675906
7677897
7678145
7678970
7679242
7679400
7680366
7681037
7681188
7681591
7684033
7685258
7685454
7685861
7686703
7687348
7687447
7688207
7689811
7689917
7690105
7690522
7691806
7692965
7695326
7696168
7698122
7698187
7698866
7699576
7699849
7700112
7701211
7702251
7704126
7706186
7706554
7706798
7706869
7707425
7707781
7708337
7709085
7709980
7710640
7710928
7711197
7712474
7713005
7714611
7714674
7715777
7716251
7720350
7721018
7721398
7721406
7721678
7724620
7727701
7728825
7728875
7729098
7730156
7730455
7731822
7733071
7734703
7735708
7739645
7739804
7741394
7743031
7743138
7743692
7745077
7745706
7746440
7746502
7746683
7746739
7747839
7748047
7748397
7748525
7751356
7753437
7754617
7755296
7756164
7756526
7757523
7759349
7759470
7759753
7760290
7760336
7760978
7762838
7764022
7764023
7764299
7765990
7766270
7767316
7769487
7770476
7771086
7773640
7775409
7777171
7778616
7779685
7780000
7780138
7781252
7781724
7783553
7784406
7786243
7786686
7787179
7791083
7791395
7792529
7793635
7794155
7795216
7803870
7805532
7807485
7807776
7807927
7808087
7809231
7809650
7810216
7811127
7811458
7811989
7815244
7816108
7818454
7818867
7819991
7822641
7824035
7825513
7826816
7828078
7829162
7829861
7831587
7833707
7834544
7835011
7835423
7835832
7837262
7838017
7838351
7841260
7842719
7843076
7843251
7843372
7844252
7844403
7844776
7846131
7846594
7846602
7846656
7846725
7846828
7849127
7849468
7849503
7849708
7850196
7850217
7850548
7850857
7851202
7851261
7853081
7855599
7856163
7856261
7856414
7856906
7857027
7857237
7857500
7857915
7858935
7860151
7860194
7861836
7863352
7863713
7864585
7864773
7865230
7865354
7865939
7866089
7867531
7867653
7868937
7869701
7869787
7870401
7870929
7871417
7871908
7873595
7874596
7875827
7876977
7877221
7878745
7879353
7879379
7880717
7882244
7884743
7886099
7886206
7888095
7889057
7889158
7889334
7889532
7891014
7891204
7892543
7893256
7893479
7894428
7895947
7899638
7901673
7901732
7902631
7902665
7902711
7902796
7903899
7904276
7907184
7907249
7907640
7907785
7908227
7908626
7909093
7909357
7909708
7910121
7911167
7912145
7913976
7915609
7918352
7919114
7919308
7920370
7920891
7921371
7921486
7923847
7924407
7926082
7926185
7928951
7932518
7932620
7933186
7933786
7936195
7936960
7937095
7938599
7938787
7940213
7941550
7942305
7942450
7944521
7946531
7946961
7947049
7947284
7947546
7947964
7948465
7948862
7949469
7949915
7950617
7950777
7952438
7952659
7958571
7959683
7959985
7961554
7962201
7962596
7964573
7964607
7965493
7965909
7968846
7969892
7970201
7971450
7971551
7971913
7972799
7972900
7973815
7973955
7976023
7976465
7978302
7979374
7981564
7982482
7982965
7983546
7983646
7984432
7984486
7984894
7985519
7985697
7986250
7986910
7988354
7988740
7989237
7989895
7991288
7992621
7993675
7994384
7994866
7995630
7996713
7996942
8000488
8000680
8001712
8002120
8002364
8003173
8003320
8003426
8007621
8007860
8009070
8010666
8011960
8011982
8012694
8012752
8015525
8016196
8018311
8019037
8020029
8021341
8021603
8021904
8022717
8023775
8023963
8024604
8025237
8026257
8028138
8030155
8032117
8032362
8032509
8033043
8033168
8034429
8034947
8035543
8035686
8036696
8036993
8037324
8038601
8041060
8041207
8042753
8042904
8043148
8043960
8044530
8045049
8045566
8046462
8048363
8049371
8049610
8050286
8051768
8052101
8053795
8054782
8055556
8055781
8055969
8056408
8057048
8057919
8058596
8058613
8060104
8060288
8060358
8063495
8064425
8064980
8065603
8069624
8070223
8071056
8071942
8072674
8073913
8076628
8077200
8077378
8077427
8077431
8078019
8078565
8079185
8081368
8081520
8082380
8084024
8085604
8086406
8086727
8087072
8087500
8087607
8087717
8088434
8089431
8090261
8091806
8093703
8094273
8096078
8096869
8097848
8099005
8100123
8100524
8101176
8101278
8101457
8102385
8102733
8104071
8106470
8106752
8106874
8107162
8108189
8108219
8111109
8113449
8114142
8114474
8117345
8118704
8120410
8120427
8120504
8120706
8121070
8121863
8123388
8124128
8124858
8124916
8126752
8126845
8127363
8128350
8128668
8129540
8131028
8131101
8133452
8134222
8134546
8135631
8136190
8139640
8140134
8140719
8141924
8142440
8142476
8143539
8144820
8145384
8145839
8146473
8146897
8147264
8147600
8151168
8151917
8152424
8152671
8155329
8156978
8157104
8157565
8158285
8164002
8164143
8164161
8164879
8166274
8167027
8167279
8167514
8167823
8169049
8169209
8169425
8169653
8170467
8171067
8173936
8174598
8174644
8174985
8176431
8177260
8177299
8178230
8179815
8179964
8181189
8181650
8183847
8184647
8185613
8186165
8186739
8186896
8186987
8188079
8190238
8191287
8191599
8191703
8193729
8194768
8195498
8196505
8198749
8199889
8199913
8201493
8201647
8203054
8203358
8203441
8203485
8203857
8204243
8204775
8205476
8205677
8208283
8209121
8210496
8211675
8212042
8212280
8213462
8213465
8214449
8217448
8218408
8218446
8221175
8221439
8221490
8221848
8221884
8222531
8223208
8223908
8226135
8226152
8226398
8227135
8227620
8227697
8228470
8228793
8229169
8229243
8230646
8232618
8233488
8233633
8233736
8234052
8234715
8234727
8234975
8235031
8235450
8235536
8236831
8236877
8237114
8237705
8238442
8238485
8238646
8238686
8238781
8238805
8238840
8239886
8240820
8240873
8241790
8243630
8245488
8246370
8247836
8248702
8248884
8249374
8250575
8251156
8251717
8253072
8254522
8255024
8255192
8255521
8255805
8256415
8256430
8256792
8257290
8262292
8263543
8265676
8269137
8269149
8269538
8270168
8271861
8272976
8274844
8275488
8275585
8276219
8276825
8277646
8280540
8280897
8281266
8281733
8282527
8282895
8282901
8284462
8284923
8285529
8287306
8287564
8288520
8289425
8290179
8290340
8291098
8292801
8292872
8293177
8293286
8293507
8294247
8294421
8294948
8297228
8297234
8299311
8299495
8299835
8300352
8300915
8301083
8302731
8303863
8304251
8305617
8305789
8306330
8307565
8308012
8308842
8309995
8310123
8310309
8313824
8315152
8315899
8315974
8316912
8317699
8318020
8318168
8319461
8319747
8320694
8322535
8323716
8324055
8324453
8325666
8326682
8329821
8331177
8334342
8335129
8335290
8335811
8338667
8340605
8343019
8343793
8344317
8346786
8347909
8348175
8348288
8348439
8350459
8350981
8352549
8353403
8353425
8354172
8354374
8355345
8355441
8358438
8359269
8359463
8360223
8361472
8363020
8363155
8364198
8365747
8366399
8366581
8367152
8367653
8368778
8368976
8370562
8371305
8371927
8371997
8372359
8372452
8373488
8375597
8376073
8376675
8378748
8379838
8381584
8382836
8383600
8384377
8384401
8385437
8385450
8386637
8386696
8387889
8389052
8390019
8390651
8390780
8392121
8392239
8392764
8393488
8395077
8395598
8398744
8398777
8399852
8400493
8401148
8402221
8403231
8404465
8404703
8404978
8405122
8405155
8407532
8407742
8407995
8408408
8409037
8409212
8410861
8415462
8416154
8416880
8416946
8420010
8420411
8421297
8421681
8421915
8426123
8426144
8427266
8427525
8428607
8429998
8431272
8431937
8435529
8435671
8435840
8436549
8436944
8437140
8438494
8439379
8439686
8440751
8444229
8444973
8445221
8448790
8449522
8449890
8449991
8451431
8452226
8453518
8453752
8453827
8454022
8454403
8456657
8457575
8458422
8459466
8462177
8462602
8463403
8463475
8465331
8465559
8465767
8466190
8467297
8468266
8468306
8471166
8471483
8471862
8472091
8472719
8473297
8473928
8474615
8475075
8475812
8478535
8480210
8481029
8481991
8482974
8485831
8486003
8488522
8488965
8489099
8489209
8489254
8489995
8490542
8490745
8491038
8492144
8492671
8492872
8492912
8493538
8495538
8495713
8495727
8496386
8496965
8498300
8498629
8499396
8499958
8500314
8501264
8502728
8503891
8504305
8505834
8506537
8506709
8506814
8506859
8508206
8509203
8509735
8510190
8511065
8511754
8512286
8514341
8515543
8516911
8517230
8517746
8518459
8518530
8518882
8519833
8520072
8521340
8521573
8521646
8524530
8525481
8525939
8526248
8526805
8526840
8527250
8529675
8531449
8532149
8534275
8535189
8535517
8536526
8537081
8537456
8538255
8539500
8539636
8542322
8542382
8544714
8545138
8545402
8545951
8546307
8546428
8547231
8547549
8547827
8548736
8549021
8550195
8552069
8552593
8553751
8554030
8555087
8556271
8557159
8558633
8558690
8560822
8561690
8562777
8563508
8565665
8566381
8566573
8567298
8567351
8567554
8568224
8568448
8568449
8568460
8568584
8568869
8569597
8570461
8571377
8572370
8572398
8574377
8574534
8574973
8575571
8578447
8579043
8579103
8580591
8583071
8584663
8584815
8585222
8586350
8586793
8587486
8587998
8591140
8591178
8592716
8592809
8592892
8593078
8593142
8593568
8595475
8596001
8596491
8596944
8597980
8600141
8600260
8601100
8602396
8603925
8604367
8604640
8605318
8605666
8606729
8607492
8607979
8608668
8610300
8610559
8612997
8613394
8613490
8613930
8614305
8615020
8615258
8615428
8615770
8616232
8617747
8619686
8619873
8620114
8620511
8620778
8621966
8622960
8623378
8623524
8623637
8624076
8627433
8627577
8627917
8629113
8630714
8632171
8632758
8633148
8634318
8635867
8636734
8638913
8639126
8639366
8640931
8641538
8644919
8649789
8650472
8651621
8651638
8651736
8652147
8653963
8654448
8654488
8656515
8656590
8661623
8661759
8662094
8664798
8666109
8667996
8668654
8669446
8672668
8672987
8674639
8674810
8675400
8676147
8676713
8678691
8678772
8679331
8679712
8680229
8680251
8680832
8682174
8682209
8683163
8683652
8684492
8684990
8685353
8685888
8686888
8688919
8688921
8692846
8696688
8697455
8697793
8697936
8698728
8699267
8703185
8703514
8703860
8704073
8704245
8706066
8708796
8709539
8710138
8711351
8712912
8714518
8714833
8715576
8715820
8716361
8716733
8716797
8716929
8717352
8717364
8717578
8718199
8718449
8718629
8718643
8721835
8723208
8724204
8725196
8725509
8725940
8727590
8728533
8728611
8730866
8731246
8734062
8734391
8737345
8737452
8737875
8738056
8738412
8738912
8739275
8740483
8741461
8741804
8741877
8742943
8743466
8745220
8748921
8749928
8751534
8751863
8752082
8752441
8752972
8753022
8753540
8753721
8754851
8754966
8755065
8756835
8757753
8759991
8760547
8760957
8761086
8761942
8762598
8763558
8764088
8764199
8764232
8764331
8764396
8764969
8766653
8768152
8768869
8769277
8769312
8770144
8770663
8774138
8774370
8774474
8775287
8776177
8776464
8776567
8776746
8777315
8777613
8778462
8780077
8780840
8781175
8781948
8783629
8783788
8784521
8787406
8791978
8794544
8794783
8795365
8796831
8797574
8797807
8797969
8798368
8798472
8798687
8798909
8799808
8800938
8801797
8802306
8803367
8804881
8805605
8806818
8806882
8807741
8808399
8810853
8811428
8812376
8812775
8813312
8814518
8815669
8817786
8817791
8817904
8818051
8820190
8820761
8820946
8821620
8821763
8822626
8825183
8827041
8831033
8832884
8833598
8833980
8834352
8834884
8835170
8835480
8835773
8836197
8836919
8839716
8839806
8840589
8840879
8841242
8841637
8843166
8843276
8844039
8844580
8846701
8847783
8849516
8850208
8851013
8851892
8851915
8852863
8853837
8857993
8862230
8864276
8864301
8864621
8864909
8865828
8867340
8868465
8868647
8872947
8873763
8874208
8875106
8875994
8876790
8877072
8878499
8879083
8883991
8884809
8884829
8885113
8885334
8887085
8887290
8888271
8888832
8890908
8891805
8891926
8892315
8892856
8896568
8898955
8899069
8899107
8899769
8900957
8901156
8901246
8901858
8902076
8903722
8904295
8904441
8904679
8904814
8905176
8907416
8908563
8913104
8913417
8914424
8915897
8916246
8916780
8916907
8917549
8919838
8920008
8920319
8920437
8921388
8921826
8922510
8923706
8923956
8926651
8930770
8932043
8932638
8932652
8932727
8934276
8938712
8939019
8939135
8939212
8939320
8939330
8940197
8940286
8941133
8944115
8944634
8944974
8945188
8945266
8947572
8948158
8949725
8950940
8951853
8952232
8953604
8954284
8954320
8954519
8959346
8959432
8960227
8960493
8961206
8962635
8964202
8964424
8965188
8965538
8966088
8967399
8968894
8970624
8971156
8971377
8972086
8973446
8974747
8975159
8976219
8978160
8978978
8980377
8980770
8981315
8981574
8982058
8982117
8983490
8983646
8983672
8984384
8985299
8986327
8987194
8987614
8988203
8989318
8989819
8992610
8993320
8994953
8995140
8995884
8996879
8997025
8999829
9000795
9001649
9002775
9004703
9005097
9006937
9007382
9007584
9008160
9008384
9008598
9008954
9009968
9010660
9011271
9011384
9012412
9015882
9016406
9017121
9017963
9020962
9021569
9022134
9022167
9022810
9023152
9023232
9024128
9024629
9025138
9025434
9025761
9027570
9028758
9030319
9030561
9031785
9033468
9033800
9036498
9037154
9037516
9037776
9040236
9040932
9041071
9043808
9043830
9043962
9044385
9045993
9046027
9046146
9049980
9050196
9050350
9051864
9052213
9052336
9052422
9053676
9055628
9056130
9056571
9057642
9057811
9057828
9059356
9060341
9069189
9069464
9069601
9071200
9071791
9073865
9073890
9074354
9077228
9080839
9081472
9081852
9082316
9082652
9083253
9084541
9086258
9086483
9087495
9087618
9088174
9088192
9089268
9092227
9093720
9096135
9096637
9097235
9098267
9099463
9102830
9103499
9106681
9107659
9107913
9108159
9109246
9112202
9113187
9113199
9113377
9114277
9115306
9115935
9116956
9117008
9117171
9117821
9119218
9120723
9120776
9121303
9121773
9122028
9122068
9122375
9123147
9123248
9123589
9123714
9124201
9125286
9125352
9125724
9125887
9126187
9127594
9129461
9134180
9137327
9137343
9137811
9138557
9138949
9139783
9142518
9145255
9147070
9147182
9148288
9149227
9152287
9152735
9153084
9154153
9155495
9156524
9157336
9157855
9159780
9159995
9160378
9162637
9164099
9165594
9165714
9165720
9166871
9166974
9167721
9168150
9168522
9168986
9169087
9169429
9169597
9169692
9170947
9171535
9171637
9172457
9173742
9173898
9174572
9174812
9174971
9175090
9175602
9175642
9175703
9179504
9179956
9180632
9181681
9182165
9182526
9183880
9186015
9186907
9187041
9188076
9188297
9188930
9189525
9191014
9191287
9192009
9192085
9193120
9193155
9193448
9196617
9196680
9199629
9200857
9202308
9202478
9203630
9203914
9204675
9205263
9206633
9207711
9207891
9208670
9209019
9209249
9210186
9211690
9212003
9212099
9212640
9212827
9213659
9214057
9215635
9215886
9217185
9217683
9219655
9220844
9220975
9221471
9221477
9227587
9228064
9228361
9228411
9228476
9229379
9229704
9231101
9231253
9231586
9231742
9231783
9232878
9236090
9236247
9236335
9237198
9237262
9239077
9239959
9240647
9241879
9242394
9243403
9244288
9244856
9245967
9246136
9247066
9247796
9248123
9249061
9249518
9251978
9252931
9253093
9254593
9259381
9262399
9262478
9262543
9263253
9265098
9265459
9267190
9267370
9269457
9270161
9271183
9272086
9273501
9274278
9275981
9276215
9276347
9276605
9276677
9277184
9278180
9278386
9279958
9279987
9280022
9281024
9284163
9285352
9287213
9287559
9288944
9290585
9290862
9291402
9292618
9296739
9297194
9298463
9299226
9299503
9300322
9300358
9300463
9301148
9301474
9302319
9306295
9308815
9309825
9311939
9312724
9313268
9315665
9321222
9321317
9322021
9322341
9322347
9323371
9323373
9324115
9324462
9324496
9324578
9325531
9326688
9327073
9327318
9327725
9328695
9331731
9332116
9340323
9341194
9343856
9343929
9344635
9345288
9346148
9347139
9347666
9348701
9349021
9350349
9350801
9351820
9352032
9352099
9352840
9354837
9354905
9357856
9358459
9361423
9361524
9362168
9363161
9364195
9364905
9365052
9365094
9366585
9366908
9367286
9368664
9369714
9373351
9373801
9375530
9376030
9377114
9377297
9377797
9378971
9379509
9380537
9381904
9382119
9382289
9382562
9382769
9383949
9384493
9385580
9386293
9388420
9389256
9389765
9390411
9392749
9393435
9394498
9394931
9397344
9397493
9398208
9398600
9399193
9401363
9402249
9404748
9406130
9406300
9406657
9406777
9407722
9407785
9408411
9409099
9409915
9410176
9411547
9413176
9413187
9413425
9413530
9413621
9417951
9418977
9419299
9419377
9419877
9419994
9422527
9423376
9424726
9425344
9426128
9426196
9427495
9429485
9429628
9429817
9432471
9432900
9432963
9435657
9436291
9438111
9438553
9438621
9438766
9439232
9440383
9440401
9441600
9444500
9444922
9446299
9446389
9446996
9449315
9451374
9451789
9452016
9453967
9454481
9455245
9457514
9457658
9457919
9457967
9458103
9460690
9461050
9462357
9463278
9465056
9465095
9465687
9466924
9467553
9468446
9468701
9469165
9469257
9469558
9470685
9470898
9473940
9473981
9475127
9476484
9477267
9478117
9478682
9479481
9479703
9483367
9483676
9484080
9484088
9484359
9485392
9485777
9486466
9487566
9489312
9489849
9490965
9492319
9492326
9493371
9493621
9493961
9495943
9497250
9497320
9501406
9501492
9503189
9508024
9510118
9511147
9511884
9512500
9513126
9514397
9514647
9516193
9516246
9517291
9518773
9519208
9519558
9520579
9521644
9522635
9524687
9524886
9526303
9527615
9529167
9529218
9529352
9529784
9529897
9532720
9533451
9533833
9533963
9533983
9536101
9536447
9537041
9537178
9537462
9537835
9538126
9541642
9543077
9543849
9545752
9546796
9547535
9547587
9550016
9550495
9551526
9551544
9553937
9554120
9554907
9556618
9558843
9559301
9559455
9560765
9561071
9562259
9562571
9563750
9564119
9565366
9565943
9566326
9567049
9572956
9576382
9576680
9576822
9577109
9577231
9578933
9581129
9581868
9582898
9583209
9584086
9584910
9586627
9587088
9587373
9587392
9587420
9589717
9591071
9592022
9593698
9594392
9595379
9596886
9597150
9597912
9598618
9598728
9598899
9599261
9599425
9601660
9601662
9603461
9603546
9603756
9604464
9606395
9606615
9607249
9607460
9610615
9612972
9613046
9613370
9614374
9614911
9614951
9615580
9616359
9617718
9618731
9621723
9624588
9625172
9626777
9628568
9628679
9629889
9630654
9630872
9631722
9632830
9633620
9633886
9633959
9634567
9634755
9635361
9635941
9637820
9638174
9639106
9639211
9640124
9643825
9645846
9645875
9646585
9647327
9649091
9649144
9650139
9650232
9650593
9650917
9651259
9651674
9651767
9652387
9652452
9652642
9652824
9653500
9653893
9655196
9656543
9658107
9660686
9661547
9661595
9661905
9662524
9662871
9663302
9664862
9665106
9665252
9665545
9666950
9667010
9668704
9669952
9670584
9671529
9673000
9673683
9674467
9674587
9675205
9676472
9677293
9677540
9679485
9679877
9682181
9682396
9682506
9683296
9683756
9685462
9686123
9686182
9686974
9688713
9688825
9688879
9689041
9690351
9690898
9695241
9696001
9696631
9697196
9698120
9698583
9701398
9701723
9702131
9703509
9704649
9706095
9706758
9707976
9707981
9708907
9709485
9709870
9710538
9710723
9711445
9711976
9712020
9712474
9712636
9712924
9713683
9714355
9715018
9715156
9715350
9716160
9716984
9717093
9717613
9718622
9719172
9719736
9720109
9720723
9722831
9722897
9725580
9726278
9726388
9726869
9727035
9727805
9729414
9729561
9730198
9730508
9732315
9732445
9733552
9733880
9734451
9734526
9734553
9735168
9736274
9736738
9740032
9740777
9741830
9741968
9742013
9743650
9744170
9744343
9745374
9746136
9747622
9749244
9750686
9752866
9753226
9753327
9754731
9755507
9755748
9755817
9755938
9756002
9757549
9757661
9757762
9758589
9758996
9760512
9760748
9761130
9761679
9761945
9762096
9763242
9763597
9763781
9764695
9765538
9766467
9766805
9767054
9769415
9769544
9769553
9769809
9769998
9772934
9773345
9773397
9773785
9773939
9774830
9775760
9778502
9779279
9779444
9779682
9780537
9780572
9781941
9784469
9786121
9786391
9786684
9786799
9787148
9787203
9788340
9788466
9788806
9790470
9790566
9791562
9791570
9792983
9795129
9797158
9797181
9798819
9798909
9798954
9799403
9802537
9802699
9802949
9804101
9804555
9804562
9805573
9805857
9806104
9806218
9806676
9808500
9810139
9810449
9811239
9812171
9812627
9813269
9813620
9814146
9815684
9817247
9818529
9819557
9819936
9821685
9823028
9824604
9824869
9826916
9826997
9828591
9828785
9831189
9832674
9833363
9833951
9834563
9835877
9837097
9837267
9837731
9838109
9838350
9838629
9838896
9839423
9840113
9840790
9842243
9842749
9843993
9845181
9845264
9845520
9845844
9845957
9846686
9847042
9847092
9847296
9849989
9850021
9854166
9854970
9855881
9856217
9857957
9858771
9859269
9860938
9861013
9861278
9861587
9861847
9861868
9866729
9868519
9869573
9873019
9873191
9874556
9874724
9875222
9876993
9880417
9880443
9881072
9881233
9881867
9882619
9884200
9884295
9885658
9887294
9887555
9888129
9888512
9889181
9889371
9889461
9890202
9890229
9891562
9892275
9895336
9895839
9896798
9897052
9899218
9900026
9901249
9901498
9901730
9902818
9903226
9904214
9904421
9909588
9909741
9910178
9911729
9912064
9912511
9913799
9915474
9916961
9919466
9919542
9919561
9919697
9919972
9920531
9920720
9923079
9925262
9926499
9927618
9928729
9931114
9933463
9934379
9935612
9936306
9937224
9937990
9938804
9939909
9940598
9940906
9941849
9943276
9943726
9945872
9947497
9947897
9947918
9948266
9948757
9950606
9951454
9951569
9951822
9952700
9952996
9955965
9956152
9956459
9960748
9962194
9963417
9966313
9966827
9967398
9968372
9969665
9970501
9971513
9971640
9971934
9972125
9972202
9972899
9972908
9973730
9973998
9974537
9974748
9976912
9977539
9979076
9979928
9981135
9982627
9984029
9984402
9988774
9989472
9989540
9990149
9990368
9992395
9993075
9995132
9997106
9998416
9998552
9998850
