1016126
1020962
1048552
1049097
1070717
1081684
1090766
1121236
1143630
1147385
1155478
1170734
1177825
1185612
1212153
1222739
1230684
1235090
1255341
1268067
1269502
1293642
1299146
1299632
1301464
1306817
1307496
1307547
1322427
1328103
1333510
1335826
1337351
1339234
1346118
1349035
1349291
1358173
1363526
1378084
1383001
1397987
1420284
1449928
1458476
1481202
1482360
1489168
1494995
1497690
1513786
1513893
1524348
1524472
1532584
1532879
1539350
1547356
1557555
1587762
1590945
1643062
1651562
1658735
1682654
1686810
1720916
1723645
1729047
1735877
1740385
1755980
1766619
1799792
1804686
1807152
1813970
1815510
1822531
1835960
1845733
1848728
1868229
1894672
1897970
1901630
1905476
1908011
1913383
1928669
1931775
1953753
1987327
1998354
2000414
2000806
2002655
2014460
2022553
2039753
2059060
2074978
2085309
2098540
2128542
2134255
2137139
2137340
2155968
2156748
2157322
2164190
2165558
2165916
2166649
2175108
2181918
2182722
2183275
2189343
2191198
2196638
2205203
2222332
2227209
2233400
2234982
2239647
2241904
2245117
2249226
2251208
2254090
2257481
2264048
2277397
2280710
2283629
2292312
2295640
2297191
2344162
2355823
2364838
2368934
2369176
2378690
2392789
2402501
2404055
2406021
2410167
2430634
2431764
2432509
2442514
2453339
2455451
2458450
2459361
2459436
2462863
2481151
2496412
2502719
2514415
2522036
2522077
2528066
2528724
2530583
2533739
2533978
2534436
2537058
2548636
2558893
2582640
2592391
2592513
2599572
2615831
2615920
2618025
2625305
2631420
2636197
2641410
2652859
2676518
2679736
2681511
2683559
2683643
2699344
2717111
2729561
2733704
2747799
2750234
2752827
2772485
2775766
2778166
2778768
2785501
2803774
2816225
2822493
2834437
2850644
2851349
2858168
2866871
2888781
2896642
2903690
2911123
2927012
2940185
2966112
2967179
2988918
3012300
3015267
3039925
3049081
3052244
3057401
3064901
3073584
3073818
3075200
3081383
3086567
3090693
3102443
3110170
3112076
3126866
3153064
3155521
3159130
3166984
3167571
3173812
3181689
3185497
3210571
3224143
3228049
3231509
3242745
3252930
3296810
3310086
3321384
3327719
3349570
3350393
3363320
3364533
3366545
3375824
3403236
3403616
3406603
3428268
3431071
3436170
3444153
3457231
3462966
3469967
3479230
3492096
3501693
3516959
3529845
3542563
3544180
3545158
3549359
3554271
3566275
3567766
3576561
3576983
3599605
3613747
3624422
3630386
3631087
3636139
3647246
3647430
3648924
3652440
3661821
3669483
3670791
3694864
3700673
3711081
3714774
3725980
3728047
3732086
3732151
3732779
3737490
3742065
3743477
3743503
3763185
3789953
3802931
3814473
3820332
3824900
3851321
3858791
3875705
3877737
3882636
3885108
3887762
3914642
3925033
3925479
3926320
3978689
3986670
3998796
4005482
4005725
4012393
4013178
4024344
4048099
4055954
4057122
4086166
4086498
4088373
4097991
4101087
4105331
4109330
4124854
4144076
4172458
4173335
4188536
4194445
4209657
4219148
4231595
4231779
4232330
4258619
4263943
4264644
4266343
4270377
4271148
4279496
4284417
4286373
4296957
4299424
4302251
4304087
4305646
4307142
4312339
4322159
4322252
4326370
4329019
4343641
4347049
4357115
4372156
4377172
4379075
4387505
4398107
4402271
4415306
4431113
4432799
4441880
4454528
4461865
4462608
4462776
4471981
4486958
4498823
4501555
4502610
4510706
4534731
4548230
4556261
4563610
4573847
4593419
4595313
4600558
4605185
4610810
4611509
4621699
4622161
4628486
4638008
4638199
4642405
4650206
4652837
4654573
4663012
4669445
4670228
4675014
4685021
4718736
4719102
4730943
4739331
4740514
4757320
4760353
4781219
4790846
4796328
4803947
4822342
4847301
4867908
4879110
4894673
4899456
4908167
4938629
4944154
4944706
4952016
4964336
4968362
4975728
4983214
4983961
4984703
4990320
5003724
5011178
5028452
5033757
5078553
5080279
5088937
5136133
5145953
5187774
5199358
5207517
5207759
5209876
5221993
5227532
5230349
5234936
5293346
5333147
5381204
5384209
5390173
5391115
5397113
5397690
5406600
5424184
5441001
5447345
5447466
5458440
5461160
5464470
5466419
5472776
5476613
5486860
5502551
5502887
5536302
5540432
5548283
5553650
5554725
5561929
5572560
5575289
5575671
5579259
5585701
5621010
5634358
5646187
5648048
5649872
5665694
5676394
5681166
5697445
5700060
5713221
5719931
5721661
5729725
5747742
5748394
5752559
5783429
5792896
5798864
5800991
5836925
5847908
5853731
5853814
5856247
5882773
5897838
5899751
5909235
5918254
5922464
5945345
5953904
5956327
5978089
5980372
5981805
5992462
6000743
6020320
6022315
6023975
6024401
6026953
6030211
6036314
6039404
6040484
6049631
6058568
6061881
6070369
6071585
6075806
6090359
6092337
6103706
6144716
6147955
6151864
6157371
6169165
6178753
6181912
6187292
6200446
6210937
6215702
6220414
6240776
6242349
6243503
6301061
6304123
6320594
6322378
6331824
6340915
6348596
6349882
6361257
6362332
6362585
6363560
6381446
6410032
6412321
6412514
6432255
6435979
6445041
6445180
6451387
6452524
6457179
6458945
6467168
6470508
6472938
6476131
6483817
6487981
6488872
6497916
6503187
6512689
6532561
6537132
6537554
6537652
6562163
6565570
6567233
6572577
6584967
6598535
6610485
6614382
6618964
6619610
6634449
6644455
6676165
6680022
6684366
6720154
6720252
6730765
6746218
6751080
6766921
6777877
6786685
6799641
6823757
6833140
6844544
6852071
6862936
6867144
6868481
6899368
6908538
6922583
6950330
6956872
6968289
6971374
6977651
7001771
7002852
7020307
7035749
7038855
7060304
7065212
7067556
7068654
7069249
7072821
7079946
7091655
7093230
7110564
7113469
7114092
7125914
7135877
7138606
7146058
7151176
7158681
7166162
7166688
7168621
7177910
7186204
7219614
7251593
7251994
7260949
7297415
7299280
7312186
7336976
7356320
7389759
7395087
7398606
7408589
7431661
7434337
7434646
7441344
7442472
7444474
7445882
7454605
7470629
7472859
7475574
7482850
7487773
7498134
7501969
7508174
7510721
7514330
7521936
7524300
7528040
7530037
7538190
7540583
7542590
7551362
7565557
7567399
7575031
7585981
7590589
7594848
7596387
7606948
7626656
7641586
7653013
7658913
7670989
7673782
7673999
7705766
7706011
7720462
7724527
7728450
7730177
7747495
7753580
7759180
7770014
7770136
7771456
7781458
7783598
7788501
7788775
7797034
7811246
7811667
7821570
7825706
7825965
7843882
7846223
7848742
7850280
7888999
7902696
7905479
7928420
7932466
7953455
7962009
7965240
7971408
7979230
7989437
7991900
7999269
8024593
8050666
8064532
8095042
8112998
8121187
8121834
8131246
8134341
8140531
8143370
8144304
8152927
8154323
8182015
8185178
8190051
8194877
8198186
8198873
8202394
8202721
8217496
8223540
8224019
8227218
8229193
8267850
8271952
8272767
8301777
8305770
8308313
8322795
8324234
8336777
8339104
8343342
8348426
8367686
8373706
8374088
8386781
8387173
8406798
8415255
8424990
8426749
8426993
8431470
8432894
8459751
8470329
8473176
8474366
8475519
8486672
8493545
8494348
8497636
8500648
8505070
8511118
8513256
8515133
8523599
8535642
8543746
8555540
8571542
8585731
8618550
8620093
8624535
8628020
8641539
8646024
8651667
8653102
8655370
8683721
8687597
8691252
8694989
8700388
8722592
8737211
8743031
8750683
8790362
8796058
8799488
8803335
8803944
8806152
8808551
8816841
8852479
8858508
8864953
8865965
8905278
8910852
8953234
8976977
8989618
9030382
9035462
9038860
9043148
9067816
9072034
9072912
9082851
9088946
9104544
9112145
9124937
9126705
9134676
9137462
9142449
9154951
9158591
9160739
9165228
9177742
9182188
9187748
9191413
9195424
9207727
9209787
9213613
9218131
9224835
9225460
9238485
9250098
9254816
9255797
9258000
9258935
9284178
9286344
9292322
9298783
9300619
9303879
9319963
9325145
9330393
9340129
9351786
9352684
9354539
9367604
9367649
9374412
9376319
9378325
9378684
9380685
9391606
9393695
9418287
9425472
9426550
9445801
9446808
9455679
9457333
9476984
9485274
9485381
9500618
9503733
9509992
9512238
9515894
9526651
9541124
9544207
9549858
9557707
9559013
9566070
9572069
9585500
9588639
9593999
9628024
9632057
9641080
9641767
9643398
9671643
9676096
9693664
9735206
9739730
9749297
9757957
9760573
9793755
9794478
9801073
9833042
9837637
9837792
9838340
9904173
9933557
9947953
9954140
9957801
9961408
9965360
9969512
9973661
9997133
